0,0.228085426636049,3.16930482189885,4.73601838782171e-05,0.000312139659261176,26.3835295925771,0.024562972477597,0.572602794102907,0.0102474879904231,0.00943552380371687,0,0.0012475006278716,0.0148200078753178,0,0.0975606216478287,1.92393817710011,0,0.0163814222589722,0.214486698018765,0.0105456956861787,0.497923465660718,1.13081599052106,0.0454618979286916,0.435465758794992,1.19203068431958,0.0879496948730467,0.00481408985317099,0.0302151448293772,0.148154917239046,0.129252197513719,0.316444328592912,0.282218407385995,0.0306365113184482,1.74245130277334,0.00181676497591405,0.118341774760178,2.66125396928514,0.0896522872364014,0.0177188105585515,0.155064136582953,0.0220583460610719,0.0283115958862732,1.12940448119013,0.0962934667497641,0.610904029450092,0.000515514663334604,0.000794530935308291,0.00857367934057931,1.51353546759948,0.0116930795580615,0,0.237684523097523,0.00878235115263439,1.59228350179455,0.724832060603579,0.779361209756083,0.00492921062325153,2.86917010276691,0.161868316303912,0.00216135545069889,0.241419918073107,0.00272715724494499,0.202430376700543,0.375527522858875,0.177914171652399,0,0.0329397733871517,0.00610533551653314,0,0.00570974658048293,0.126782880372954,0.302255996019013,6.4539222455157,0.00647287505379428,0.00106496503227239,4.56573952157416,0.000266496106472885,0.339379372690785,0.000376493830803011,2.12850267718831,0.072936982358221,3.92648812971447,0.00263842306719907,0.491775677332548,0.105556081176779,0.14410953423542,0.014728551224061,0.0648328618366133,0.238575259438492,0.000217618486200325,1.5663440898043,0.0313139666571643,8.32739706013537e-05,0.0048422640976779,0.0426570158908352,0.00118814285014355,0.00176796708602997,0.000421043939260445,0.000708597134768695,0,0,0.00398403579677759,0.0165013601564455,0.0281054250235921,0.0230470660032798,0.00192405569525311,0.00410226708788453,0.00169925195541884,0.115252366067458,0.0110769846778422,0.0194528600882323,0.00144284525049055,0.00683821898545435,0.0583659463073875,0.0578918386567709,0.0022069938368029,0,0.00724833587210585,0.021181787303504,0,0.0171067112416296,0.00550961376778906,0.00431217697384663,0.0217714987697977,0.0156945519181514,0.000907926772105681,0.0153298797690121,0.0519978528341062,0.0415216474529688,0.000309132767830089,0.0102879053503703,0.000414138786171111,0.00897037196463182,0.0175106644666336,0.00441277337543646,0.00728616557353866,0.00066282237163555,0,0.00690113731082184,0.00257080242046595,0.159384330391659,0.000149482965925059,0.0227046070084006,0.0970686652780394,0.190403387329118,0,0.0232036022759485,0.0977641581480717,0.0486107361554854,0.00528563779806626,0.0101760955243105,0.235202329808152,0,0.0551004191784096,0.000620937788840286,0.011497066640519,0,0.00117017035808547,0.00210901463658457,0.00209990026739962,0.00343611085469964,0,0.030280861160141,0.00862605583213664,0.17322231739644,0.00356203748412522,0.0362983785309287,0.0213663336501371,0.000285949025953348,0.0686203912267446,0.0257333053199294,0.008690549195062,0.00509716148069239,0.268138677024398,0.000370563241740804,0.0516668848234392,0.0155605960363333,0.000390084248704484,0.0291882001054309,0.00489694521703111,0.00307137384517864,0.0129879944155074,0.102332436371637,0.180674908438736
0.228085426636049,0,3.69538724164312,0,7.1503751692454e-05,2.11612274344677,2.14566103318104,2.49574569735444,0.120512713372121,0.0157608025294705,0,0.0121122337278709,0.015508827254057,0,0.0209964965484465,1.1250836388642,0,0.0327160960835727,0.0380530552418275,0.00130639854787419,10.2948850884941,0.0103414421282121,0.770279745691171,1.55450300667638,0.601443146221806,2.37160374697567,0.0432645600345133,0.844680268144482,0.0192042986850654,0.0568934381651538,1.94636154291509,0.0340598072809697,0.121662974206831,0.467473469988908,0.00232843918248164,20.6334341043707,0.531086563546261,0.755487538987789,0.00501232442959116,0.367141269335567,0.00927056836947173,0.112338436411177,0.0103799684194036,0.0490840933788782,0.0721225890542558,0.000790934849152127,0.000123650626865945,0.107785002683079,0.340589367544605,0.025724900198171,0,0.0847018200214247,0.00205050046950201,0.925003005708018,0.231022930525813,0.678495536320814,0.00064842000528584,1.22201241383444,0.128400883864728,0.00143440382217551,0.640183495039712,0.0166825493017022,22.7978164762266,0.0189091157824293,0.135864145005389,0.00441488065500156,0.00809923438694594,0.01876253757559,0,0.000654165345693521,0.283450420012612,0.021295209413757,0.181418120056405,0.0219689189962054,0.000396443898026382,0.256696206383625,0.664292159214361,0.120182866383711,0.000381952660172139,10.6032668198107,0.00878543641084025,2.78701074357631,15.2954807363643,2.3014352842113,0.129260434830946,1.6360900238086,0.042605512870001,8.98771633557292,1.93984554143642,0,0.426798911337517,0.0304287568447293,0,0.127932255026041,0.0397396403142128,0.00715320289831136,0.00629105688226297,0.00141580898481709,0.00433543605348156,0.000426259226802542,0,0.0588459371779379,0.067472860934936,0.0863946659707307,0.159345506717527,0.0431280493909599,0.00117725221467961,0.110549050293195,0.223358427654481,0.107757940050877,0.147304043045464,0.000270451644847098,0.116629615197043,0.997798891051214,0.0385751905076757,0.000353113339896887,0.00373525368419146,0.0155161365190505,0.280012258114714,0,0.102206106039203,0.0631670839538021,0.0354991059813549,1.24917038241448,0.0223330411612643,0.0188450970129803,0.113277642778377,0.152891872912384,0.136202470270208,7.62982523277943e-05,0.0246442184521332,0.00036316224564459,0.014459454737952,0.253525129578201,0.0470232206207302,0.00969906591047284,0.00383917342570057,0,0.00232545850094388,0.0099526583340801,0.155608781366949,0.000723707239216234,0.00389300244941235,0.112375671828649,0.221255684721701,0,0.174501560853623,0.573815280773155,0.0237712108040809,0.0693770457655292,0.135757170918204,0.313568326640014,0,0.0423938121489663,0.000281690603480553,0.00122683548611241,0,0.102240306441999,0.00265347317056279,0.0108461323695594,0.0383689160426445,0,0.0296170898938295,0.0152139404393077,0.489481045062972,0.00112473464897277,0.0670363927890321,0.00639598231956263,0.000125022522370675,0.205538408476093,0.0570845545071349,0.232269490383872,0.0105314163322955,2.39306823253117,0.00313633802186829,1.75537007058466,0.00235211252669546,0.000901599695795045,0.0254249116518879,0.139886361022386,0.021966112237903,0.0669063764858441,3.14661219730193,1.32153532470404
3.16930482189885,3.69538724164312,0,0,0.000316339808374153,12.0427302584948,1.16658471987748,1.16127603232815,0.0621766169479149,0.00896148454318735,0.000325914678865453,0.00612694363502399,0.0222928844041625,0,0.0326072110751463,12.2335877272991,0,0.013865358782144,0.0850832739806342,0.00191591014477121,0.815058082719226,0.489354443997032,0.0653452051061476,0.888286017740019,1.88751009568952,1.18187777229886,0.024099835580216,2.75081292443089,0.0776834027180171,0.0155847869415439,0.286078668639039,0.109097918761959,0.0312909388322227,0.387972461457686,0.00180797881279973,1.15554907239893,7.85873721829268,0.0796472459785901,0.0146464533105377,0.19109326867234,0.00384201430751683,0.0284335518857279,0.277615672869852,0.0435441379826933,0.0313448533220103,0.00143185350796472,0.00049625648349154,0.0497275029459146,10.2935260341336,0.00760040187471248,0,0.383303053553599,0.00192978442373345,0.296358875655866,0.0858710120643753,6.35698139429014,0.00148592985244829,11.6248454043943,0.0451990199080124,0.000208618611530317,3.30064301804373,0.00315373658947061,0.661273607321756,0.0622807365871058,0.211793699388026,0.00145450769951413,0.0282886686691142,0.0100168955637143,0,0.0016568738636073,0.219820541256439,0.108969683071128,1.01772038127297,0.0126922917124608,0.000418971428907625,1.50026763586324,0.0585728142163595,0.135563985986581,0.000653477853129848,6.46403252081894,0.0841203425018505,0.496904505873771,0.660000348494609,0.728263616463155,0.154868614136566,1.09700857859299,0.00479642779795712,0.803527724405123,0.76442018328366,0,1.0839049520536,0.0238743174968834,0,0.0338453562832591,0.0129353601583558,0.00312387622192432,0.00633099951183997,0.000772320686417523,0.00133806928538129,0.000121729886992258,0,0.0140877227863607,0.024299629607031,0.0212850336698883,0.0419326711838629,0.0203845278652052,0.000484525028857624,0.02965785232792,0.0537062777256653,0.025834082342934,0.0355604531293323,0.000210125071324605,0.0330005285479261,0.243903006953303,0.0145916571106697,0.000242513410522455,0.00114303972020188,0.00566976815767,0.0374335700825774,0,0.0163787428983258,0.0391805996419062,0.00964062350336708,0.347675212498031,0.0110641251257479,0.00559965273813114,0.030547641585178,0.0470946351629584,0.0316801069316953,0,0.00643182476693028,0,0.00391146637477893,0.0830396951234398,0.0054042880050982,0.00330293289644188,0.000515730325768569,0,0.00112107288515359,0.00324264501702002,0.0516824118384982,5.90674300460052e-05,0.0025559897835905,0.0327521329030931,0.0766826019073467,0,0.0897243803889698,0.10645899810491,0.00965987552825914,0.0209658985127003,0.041336846163669,0.0839562761189096,0,0.0149865207842613,5.97821693994181e-05,0.000737912162415992,0,0.0321875356880385,0.000484874691257081,0.00167717733434302,0.00402628303803088,0,0.00962161522963292,0.00457255805426493,0.159143122709792,0.000448675294272952,0.0250907134012,0.00268844353481278,0,0.0711877898326572,0.0175577404242942,0.054186579018004,0.0038405689485804,0.357395560989905,0.000717689007962641,0.381474796740487,0.0010287401297184,0.000788415541457435,0.00906531775972035,0.045626293862222,0.00544357230376721,0.0120249204594658,0.744680611898624,0.392977911371305
4.73601838782171e-05,0,0,0,0.00419366651733124,0.000740952482720042,0,0,0,0.000119443555507141,0.0113445663196066,0.741238443062199,0.000152855627459086,0.000139663421726291,0.227539903891745,0.000106159757837427,0,0.000157969993078373,0.0254620093522566,0.037891910961601,0.0030997120595172,0.000413317842376781,0,0,0.00240021993067257,0,0,0,0.0284091697219014,0,0,0,0.000503154872968655,0.000781733369460057,1.21233171033876,7.47628546713102e-05,0,8.03810871376396e-05,1.90101024354985,0.000293864503864386,0,6.42742336360554e-05,0.000197415932991859,0.365316660386614,0.0224000950052559,0,0.0575186939604977,0.00183527315784036,0.00538747947395716,0.000479668895986564,0.00144346917799233,0.00969273786066035,0.414915119098757,0,0.0218967494887417,0.00011534469258157,0.423083465509049,0.00039742720146625,7.33800520013803e-05,0.000180348289804261,0,0,0,0.100416189451859,0.0109999012696903,0,0.03816924988452,0.000402443026654171,0,0.188289846860207,0.00673375235382164,0.0379484458396919,0,0.0634606146204381,0.0361147975378598,0.00258231686685468,0,0.00105530217934432,1.14430935319132,0.0421938408264873,0.00030749522361222,0.0596144035866206,0,0.0753093246699912,0.0189592691768522,0,0,0,0.00649595986534961,0.00489070209705216,7.66616176027394e-05,0.00101523375748549,0.161554569810922,0,0.000523986179481692,0,0.00113134010652018,0,0,0,0,0,0.000122409911119661,0,0,0,0.000651875798191951,0,9.81384613626818e-05,0,0,0.0018938289165151,0,0,0.00274847260700577,0.000865573458812094,0,0.00085263098286299,0.000131842216693562,0,0,0,0,0,0.000119743170796481,0,0,0,0,0,0,0,0,0,0,0,0,0,0.00445933005088507,0,0.00617958860464285,0,0.00931904214631274,0.00352875284381375,0.00693867467746671,0,0.00019379222718994,0.000124866235813488,0.02972711358074,0,0,0.00206882273313714,0,0.00471369018819175,0,0.0149945717459658,0,0,0,0.00134782025645366,0,0,0.000648067600761914,0,0.00247455248570909,0.00115229242484163,0.000481593487408963,0.0127060226875062,0.000270471025115293,0.0113685901896836,0,0,9.78538710685144e-05,0.000180594496845547,0,0,0.0101246776585373,0,0.000782661087176794,0,0,0,0,0.000131921108786376
0.000312139659261176,7.1503751692454e-05,0.000316339808374153,0.00419366651733124,0,0.00120221154492678,0,0,0.00315621296425304,0.000672760713730826,0.00695820502654221,0.0797715001719826,0.000471525911238857,0.000119247924568433,0.268158740875183,0.000258080051816739,0,0.0002598705449411,0.0809490246121704,0.00397374386477498,0.00177697409693486,0.00121961744064603,0.000346799418209663,0.000325941849809176,0.00910487003435163,0.000118585260750391,3.16360101199401,0,0.0639685163646899,5.62708204248676e-05,0,0,0.000560420084490445,0.000693330851679657,1.08575299324865,6.52103351987746e-05,0,9.52076599341949e-05,0.0610181570263619,0.00274829193729409,0,0,0.000622747398235877,0.0940451420460752,0.00314539255546491,0.631379016032273,7.66799073752206,0.00439484643385234,0.00370568131081955,0.00147560468325874,0.00137193058331386,0.005272834320103,0.40429939239484,0.000553206345129023,0.00992349649214133,5.1398487678992e-05,7.79295989520035,0.000321946753831471,0,0,0,0,0,0.150593937224664,0.0297248027280644,0,0.00602157537786769,0.000386207650181544,0,0.00673074616177994,0.0162955866702614,0.10710366621886,0,0.0747809818586935,0.0329845296862889,0.00205910631577915,0,0.00191030969769125,7.80940366958305,0.081461735752982,0.000487102146813881,0.00859490478686433,0,0.0464884217023944,0.0295405758576767,0.000391263091852501,0,0,0.00706243535525347,0.0982499527329238,0.00132995475581784,0.00205511621959659,0.000944001203818596,0,0.000189733183123698,0,0.908112595694611,0,0.000468963094113423,0,0,0,0.00529638251745897,0,0,0.000106061662670147,0.00119384653677841,0,0.000353628639813471,0.00492110568788067,0.000933477725234545,0.00220061323993097,0,7.33559179121115e-05,0.0715555367851892,4.47844830142796,0.000901436554704527,0.0100516154320408,0.000287072993960504,0,0.00038250920002196,0.000250541838082431,0.000678306573854617,0,0.00798653405753265,0.000541396808737962,0,0.000466804311712353,0,0.00455474249730483,0,0,0.015038068835342,0.000336899662753049,0,0.000109238230525841,0,0,0.0993327276673871,0,0.00719765938347271,0.000430018470485941,0.629420182358855,0.00383955759156893,0.0276433502093341,0,0.00232850599881771,0.000430005778604477,0.166079132959532,0.000136599620389729,0.000303821752777851,0.00222192061675905,0,0.0594414792274072,0,1.82620991327999,0,0,0,0.34426325506315,0,0,0.0199645822459583,0,0.0380737398954258,0.0502661397116054,0.0147572395029921,0.146718493824865,0.000716953146523347,0.0276102043140274,0,0,0.000646545620112952,0.00307254932243944,0,0.000112641450708863,3.97635131797231,0.00185380050525792,0.0320533567062745,0,0.000191163054923322,0,4.33408033854521e-05,0.000633870262761608
26.3835295925771,2.11612274344677,12.0427302584948,0.000740952482720042,0.00120221154492678,0,0.688458204562413,8.70495860173976,0.062093176470843,0.0367115750960079,0.00149553188846507,0.00697707957018644,0.459248720539736,0,0.310352853444423,7.84324125631404,0,0.0352062531116555,0.629595611763415,0.0226827294428127,1.9466793114293,6.11995230899163,0.139874364800899,6.84111921144787,3.03996696200436,3.87005744657678,0.0208841462646691,3.4331761856456,0.664436415243583,0.389237287896351,1.14117225466974,2.99200679174255,0.076135691318674,3.64143751070555,0.012150378999444,0.78516821583561,5.95278803800367,0.215224905545309,0.177362927088987,0.480074764148815,0.053140294345732,0.0808115002190358,5.88238673613377,0.771755857258075,1.07354727819601,0.00118656944514294,0.00465487682103803,0.0462292381760761,3.36776995149154,0.0298800439819188,0.000246624005780793,6.38773237373239,0.0232387651274602,3.34974386170365,1.61545541413298,4.36377808204302,0.012237687211675,9.73817383012176,0.396097041013812,0.00894649040012622,22.1285493013601,0.00490038998485081,0.85745552046495,1.41976625211335,0.556625634533921,0.00604470454689581,0.475003440722622,0.0212368280020292,0,0.0335049773716084,0.433606408106475,0.966692201758807,23.8167451070947,0.0188741521097711,0.00318610745179483,11.1447827146365,0.0436481628762566,0.74289827905681,0.00206064360997516,7.0640954652076,2.05744642479978,13.6725125415367,0.383640925026125,1.41414734677388,0.308018424393021,0.755705892858824,0.0468246663151609,0.354001073491475,0.870842576288489,0.00202654431257255,3.02459081653003,0.0831653984335728,9.66757038836229e-05,0.035909221583661,0.114606935088004,0.00399089126812233,0.00569439703860266,0.00145355783610146,0.0015895919951111,0.000123111700792794,0,0.0232139220306278,0.0752559020006503,0.106295839938298,0.106776220490059,0.0190713561413584,0.0118567437746833,0.0216942667072963,0.363992919876275,0.0472963949757822,0.0816210020669388,0.00693551134737413,0.042413379695726,0.344464276336891,0.168320094549372,0.00787574896258619,0.00171149310089604,0.0289273825986745,0.0937698183800963,0,0.0504161437978981,0.0421949148059995,0.0168355232334639,0.325486890622906,0.0580267282017156,0.0070399337980691,0.0704052643160559,0.197424263873541,0.139436137670964,0.000963044639966237,0.0378303754892481,0.000328437510113186,0.0297465368644459,0.10276183352748,0.0122315459412666,0.0207887856013326,0.00275585686716762,0,0.0178810749438472,0.00676417320088944,0.461583897318252,0.000392781981172145,0.0633982695253799,0.296369749702633,0.509789955514488,0,0.0926960884852775,0.406793403059157,0.134636191811492,0.0274481008890378,0.0627158324442778,0.612201456467617,0,0.145374587359639,0.00169938378926656,0.0369022018544018,0,0.0258795510207956,0.0048692480331991,0.00955305358482229,0.014166982763034,0,0.0843694748805573,0.0313961741229873,0.540694194044302,0.0111200385027114,0.130736791749683,0.0672171639630245,0.000750008503239071,0.220582999264644,0.0878321229624417,0.0562452736406866,0.0197118240331656,0.883838281568912,0.00316144864426214,0.382589384309007,0.0458716571026134,0.00169386188096079,0.0792060859187957,0.067872976713117,0.0130140928713021,0.0371828211439757,0.815108218832766,0.784146358763027
0.024562972477597,2.14566103318104,1.16658471987748,0,0,0.688458204562413,0,0.208426737601615,0.0400750958433294,0.00277994227987303,0,0.00191475985784023,0.0127956231776269,0,0.00566184484718809,0.528008827385456,0,0.00602441175308363,0.0125562614687201,0.000303766570304859,0.373119082515816,0.00379132942287231,0.0259990649877272,1.78136614447203,0.191485426582958,0.368800241749186,0.0132573544085334,2.95778160765769,0.00240190654074924,0.0263494026152864,0.0279404333175447,0.00550113453474597,0.0113355387010008,0.129691968547178,0.000371864184848735,0.636559777848753,0.0961647928893423,0.164681589615675,0.0009777173417899,0.0793267769366185,0.000754299268059386,0.0176572281232297,0.00312870045525253,0.0281093945396325,0.00478976101420575,0.000479908725214417,0.000374850489779391,0.0321786493051488,0.0803740962505079,0.00169995734299502,0,0.0900726181784457,0.000483226925468007,0.0267619440754328,0.0139264403605294,0.257648001161184,0.000228836174519402,0.422904239558956,0.0658373884632177,0,0.430836094187047,0.000906670796273646,0.490057788789271,0.00137028204733853,0.0458852376154554,0.00439948036740817,0.00337974198004866,0.00219118090385387,0,0.000796126153019659,0.10220012949565,0.00358441291558709,0.0103815183439393,0.00321636314117103,7.25450163920043e-05,0.0160989063308414,0.0108427589107819,0.0292776997316431,0.000176764672681642,2.75144861477669,0.0134476832338078,0.0960477928680809,0.117590995586522,0.419542344203456,0.0523737605187841,0.342894325312814,0.000715797076075948,1.06597513482646,0.531591528591323,0,0.0877779132278407,0.00658659458287717,0,0.00746153477724934,0.00195284012903397,0.00174273536374043,0.00648835494997113,0.0001105534400798,0.000178370183319542,0,0,0.00421750909652859,0.00861847737450995,0.00428805451943282,0.0138101180839035,0.0133469464474111,0,0.00485531530231953,0.00890006918505745,0.00860715497108117,0.0112328087275609,0,0.00756574897219721,0.0684073374936524,0.00203293811921012,0,0.000103782989238979,0.00169731671397591,0.0257797758620188,0,0.00846036791866126,0.0234179695277567,0.00245227345023576,0.0905559568052951,0.00165495563254721,0.00149268237448186,0.00604643502302757,0.0086916337670104,0.00556243487889267,0,0.00162296675046981,0,0.000540440684135843,0.0227306739951506,0.00245211893050141,0.000574054303802436,0.000145293351142494,0,5.85350783543072e-05,0.000485261468489144,0.0087814325559564,0,0.000223415345922104,0.00628672551386237,0.0124038739733688,0,0.0394276096321679,0.0335809718374164,0.00202571535102881,0.0066358560844633,0.00866297292308162,0.0174147598290021,0,0.00171529313259623,0,0,0,0.00649720677911937,0,0.00101546034317391,0.00281657829465528,0,0.00104904552934485,0.000458902575853951,0.0337797546349762,0.000184619422996966,0.00483009706462448,0.000186134260108592,0,0.0208517723833569,0.00231537666611801,0.0113781741353576,0.000575754794413235,0.116343219788115,0,0.112062307212365,0,0,0.00138107801376005,0.0194851596700958,0.00217916335043509,0.00886576473730076,0.195077257522168,0.0907188965787957
0.572602794102907,2.49574569735444,1.16127603232815,0,0,8.70495860173976,0.208426737601615,0,0.0282396015822278,0.0123856503610806,0,0.00235108702118055,0.0990461448780457,0,0.0256971386780197,1.01452292127797,0,0.0175412758407128,0.0566117196424555,0.00156837752103746,1.88571391387961,0.038966865578392,0.183671997976774,1.27017825173595,0.364939692339356,1.01203736651367,0.00826724562399277,0.334277753794462,0.0252359855850966,0.0589085860284567,2.35568950682823,0.263460088677602,0.0329180828962786,0.448400500230078,0.000824424857869413,1.50212948773336,0.909743863976497,0.364929995318639,0.00598398015457926,0.164438384036673,0.0156558507337052,0.0593403194499665,0.0199438257172206,0.311750022855224,0.216859585494976,0.000164696487076115,7.12117914337886e-05,0.0321238567368166,0.279927635402055,0.0146873520865812,0,0.520643291618871,0.00445895720982702,0.847283602825433,0.593440225688176,0.290582565440229,0.00150422232775825,0.763390529579891,0.101224275315734,0.00926589579512611,1.4857183261721,0.00596266540111471,0.736810210783402,0.0961650743834493,0.0823611404725985,0.00362565552749894,0.0134775872245743,0.0054940563954692,0,0.00487999464541472,0.148635499336186,0.0496058357304838,3.45495937125317,0.00461656577942156,0.00152576278058578,0.460764927827704,0.0230257989724731,0.105789780115864,0.000386081683397285,3.39567982435178,0.0671875788188542,14.1942265465455,0.182833801522722,0.666827200243872,0.0972194234344956,0.306664134818488,0.0175611164372983,1.06592425940189,0.42467981771898,0.000138013755051992,0.352894830290278,0.0195247214309437,0,0.0170383827407147,0.0498591363014512,0.0021581257760001,0.00353509773749092,0.000642518564429118,0.000927414966798034,0.000250466762790581,0,0.0153986138980727,0.03186925426624,0.0496943996334683,0.0780107371758109,0.00787688051291424,0.00254630520605236,0.00856857350829992,0.180608644735355,0.028480977383333,0.0516006109673532,0.000394094754687939,0.0214614436334912,0.195938636470063,0.058909725264547,0.00108186620791838,0.00105417716723901,0.0113220507216366,0.0921994812578124,0,0.0343696928375001,0.0190060596828163,0.0098375031590465,0.0985897766447587,0.01630271725545,0.00364196498837332,0.0413016964381156,0.104709212177655,0.0929940795119114,0,0.0200174177871839,0.000239485336593711,0.00898198959006568,0.0453375670299475,0.0149246231881562,0.0106052106546897,0.00242224296151999,0,0.00253713519247108,0.00344858720315467,0.15364583532756,0.000118137427552803,0.00921050948538606,0.104482403857375,0.210664433588683,0,0.0416393363094138,0.269333070299708,0.0260168418573374,0.0111861803506296,0.027274779437628,0.279699066144924,0,0.0379963854903957,0.000461292224603376,0.00407714925904658,0,0.00618164767046675,0.00291192401415007,0.00138419503117829,0.0138065489021427,0,0.0347644045050877,0.0143629125120414,0.239577293212343,0.00208120831683327,0.0529097818327536,0.0161246539563778,0.000466843690163408,0.0922522437698491,0.0429184032114268,0.0358831539561257,0.00789970761591196,0.815765995475565,0.00114303538732966,0.211425944922582,0.00367795022380537,0.000989306469355748,0.0271076267808077,0.0194690660290963,0.00534963818438209,0.0279995534970259,0.452374415060329,0.40604279240258
0.0102474879904231,0.120512713372121,0.0621766169479149,0,0.00315621296425304,0.062093176470843,0.0400750958433294,0.0282396015822278,0,0.0853392838479697,0.000220448440379807,1.27345689410181,0.00168444577350427,0,0.0206770535878362,0.00748115364334633,0,0.0197452568511727,0.00676518262414106,0.00239934156818382,0.0647524942746168,0.00405961572210312,0.135656635942754,0.102264500724262,0.142331086834875,0.0202913194661828,62.5645571493987,0.158739343731364,0.00502106751572529,0.0108796734552551,0.00790729309379969,0.00163870128886417,0.0496984346337557,0.0333759882690389,2.49640642202129,0.273534396513391,0.00242197740299059,0.164839193641193,0.00331260046941526,0.400000982430468,0,0.0405790073249221,0.00460581789157935,0.0261735570317702,0.00563513080347255,0.57408656729789,5.38716877686282,56.7863737115356,0.031493159731976,0.0128599202782013,0,0.0227833038285835,0.00441098569978089,0.00789524621508408,0.00777729436538418,0.0606000952977304,0.00304590161494802,0.126042093870631,0.0375394938814466,0,0.0145643970167352,0.00562665308491826,0.0276503389633088,0.0231672214065975,0.272137175149024,0,0.00835712320470324,0.0117106774372338,0,0.0020626765742653,0.926063865112208,0.00409761086120244,0.00809109457397526,25.7531361955538,0.00079865991869211,0.0104816556806576,0.00957798615112413,0.0697732800785494,1.59845013436791,1.25679616088205,0.00127909617715513,0.0273101698932665,0.0580393140709389,0.353234837433483,0.0718770455242229,0.667271341604942,0.00445646029276939,0.101124906315505,34.8973782745302,0,0.074110127394361,0.0437818727945287,0.000239846564281565,0.0148359364591811,0.00123624399963883,0.0101803297066895,25.9083197049452,0.00235288233071013,0.00950240173770535,0,0,0.021066778012848,0.392661246564294,0.00317505741317603,0.00845497418036285,40.4547622342272,0.00134809744560092,0.000638796471290142,0.00983271561425995,0.0408372734980618,0.029450290671059,0,0.00370671166720191,0.120890752632702,0.00823187935737386,0,0.00810354171118716,1.08425208888474,0.0971577052839421,0,0.0953474873552475,5.78049869559794,0.157639405360452,0.0873485733804277,0.110843866971982,0.014677925133038,0.00613309745652309,0.00435943151454666,0.00525335919802321,0,0.00216660620474578,0.000876530511778346,0.0348751271403272,0.0623888832543288,0.0243327521810062,0.00166327189020513,0.00197405754516384,0,0.00147700642563757,0.00457167758417971,0.0185152124349927,0.00285790280249189,0.00139837462111997,0.00514660801606153,0.0178126544216104,0,14.511574162299,0.00906876628475451,0.00666138727143943,0.0198520399298611,0.0219433967829667,0.0219195358800572,0,0.00497118911233561,0.000177378557885029,0.000449484090179458,0,0.0250494721397833,0,1.86153176698247,0.0387919011631827,0,0.00207941300850691,0.00174532240096423,0.4861905367708,0.00075442363333021,0.0121449412112969,0.000388399736821545,0.00234191511122309,0.115436472240591,0.00384661302146568,0.00580518735700477,0.00163102329635866,0.0653043318705073,0.00293888813248546,0.02459908884456,0.000579535627005495,0.00992625862600492,0.00549475479557483,0.11609041151452,0.0362992063540484,0.0296736238916489,0.0674623633099638,0.0758436676790006
0.00943552380371687,0.0157608025294705,0.00896148454318735,0.000119443555507141,0.000672760713730826,0.0367115750960079,0.00277994227987303,0.0123856503610806,0.0853392838479697,0,0,0.00348109843254065,0.000773380488348798,0,0.0972549350409427,0.00761922557688519,0,0.301818081662733,0.104215870416752,0.00357517216036346,0.92160143889741,0.00239861745418274,0.40213949707327,0.0103012209008693,0.0669295777612495,0.00194043640848672,0.0208479545746346,0.00808729859944531,0.010062600000427,0.00125411149337308,0.0142841564999389,0.00165727826729139,0.525413226599139,0.0100528100778448,0.00807679500241996,0.0895975739807429,0.002562361473477,0.0198038859718559,0.00457481671494778,3.10048656638639,0,0.0314123886097511,0.00160778275551205,0.019600283827192,0.168393189252912,0.000595838378289089,0.00192505962758254,0.0209070007496168,0.0117352512349903,21.7847123104865,0,0.0144560423513335,0.00934467956230542,0.0454484343002766,0.00758679825384041,0.00735711279284824,0.00603613552296664,0.012641565570167,0.00722131595429568,0,0.00164526309982425,0.00267437820248147,0.130809121396876,0.0760352866528917,0.828211932607129,0,0.00475853085124825,1.03054122688972,0,0.00238985878061205,18.0221692847071,0.0147101912923486,0.00508381160630908,0.00875934523941049,0.0015705506259155,0.0124336372112731,0.000496929852294812,0.335887042262352,0.00159615306681022,1.58156092332752,0.000226023586714964,0.465080916088536,0.00313727515002879,1.23932470918295,3.23311906115472,0.243313516673459,7.23530306905776,0.824490376270035,0.729825762845043,0.00106987317873537,0.025805062087489,1.11295169429694,0.000291434468355137,0.0018315336889181,0.000616465438670663,0.00144884675859841,0.00383736415547745,0.496795354852676,4.04131151475643,0,0,0.108340538434125,0.598803153498491,0.0012902423490068,0.00123224991910776,0.00552829213693201,0.000212684074264559,0.000417831688049189,0.00297619851510359,0.246511797043275,0.171324633123397,0.000184177711171934,0.00119762124587829,0.0360771742542806,0.0175189286769904,0.000118559558400039,1.20531615054699,0.00538809072561068,0.173250871594748,0,1.27862583900052,0.009949043390915,0.0918419603378415,0.00430963256778851,5.30417630471162,0.310294144146892,0.00140719965661845,0.0025512772131115,0.000542118274650641,0.000135905909271771,0.000863621038635501,0.100184715353264,0.276160212143181,0.0100216791378036,0.0394442605844281,0.000380787071366694,0.232046924475369,0,0.00272566800036298,0.142683709812395,0.00667884345601998,1.02308699299472,0.00133446623144504,0.00707552100416084,0.01098168418547,0,0.112295957275376,0.0102307681804057,0.00505111641521819,0.00164877169540062,0.00349385558753801,0.0365095778845184,0,0.00409843122632406,0,0.00144555420907689,0,0.00247750884708635,0,0.003250731889052,0.0144910547524695,0,0.00256591828567507,0.000877284650847559,0.173166964148861,0.00204013020923268,0.00694523148937975,0.000878344924060331,0,0.0984848385040094,0.00215841082118498,0.000605985410837898,0.000409102719090031,0.183825132431567,6.03706555090144,0.0441984199289812,0.00102541715358886,6.75063153974914,0.0627117194009755,0.00814175793674694,1.75093483079013,0.00960049698686302,0.00816705456348134,0.0176606282317847
0,0,0.000325914678865453,0.0113445663196066,0.00695820502654221,0.00149553188846507,0,0,0.000220448440379807,0,0,0.0412436454790671,0.000279279366741374,0,0.0744100400304755,0.00034389107916412,0,0,0.0442847309787638,0.0203890202973998,0.00446337567266007,0.000212531244559415,0,8.04204990183738e-05,0.0062760408943359,0,0,0,0.056507691534303,0,0,0,0.000141994561075061,0.000727503440423456,0.0915336103931714,0.000212275057288672,0.000118472718052334,0.000257114157968341,0.109965023182824,0.00223181038813082,0,0,0.000396693316836064,0.857179156015146,0.0136751299663256,0,0.0117930316439786,0,0.00588869317037314,0.000344691411593382,0.0547813254857429,0.00289359481626839,0.300674844601118,0.00018950754045319,0.00195564048477036,0,15.507066826802,0,0,0,0,0,0,0.135861193447271,0.0108248506881366,0,0.00360800093873212,0.000524783591490392,0,0.0317518639564351,0.00843793226528367,0.0786597263286951,0,0.0231122067363465,0.00756092343236929,0.00207153694358777,0,0.00207149783919863,0.739282922793518,0.0568439445606963,0.000119767762607611,0.0373652816844218,0,0.0903126037669997,0.0166234706694512,0.0011805734481067,0,0,0.00415568153943012,0.0112711300891762,0.000697873803819932,0.000233436148429956,0.0126615132947237,0,0.00037945761017736,0,0.00086612021974632,0,0,0,0,0,0,0.000339164067536792,0,0,0.000951827382811307,0,0.000565043555148838,0,0.000139012885951232,0.00123689413650064,0,0,0.00277439495834671,0.0023844777324657,0,0.00513256871237224,0,0,0,0.000816634167799389,0,0,0.000215821155043369,0,0,0,0,8.89600455585894e-05,0.000117675112849222,0,0,0,0,0,0,0,0.0087807800106218,0,0.00893373935329314,0,0.0129581397452184,0.00741729694393431,0.0102307457780066,0,0.000777547944919169,0.000718275156851411,0.0399442874286082,0,5.5439339412806e-05,0.00164209069165647,0,0.00369482019398892,0,0.0238673898766434,0,0,0,0.00169493545838602,0,0,0.00159579941295859,0,0.0017714174696889,0.00206694430578136,0.000799328012517545,0.0285478587168242,0,0.0134875945812191,0,0,8.9051005382557e-05,0.00106636748163631,0,0,0.0200971662127528,0,0.00093743841562702,0,0,0,0,0.000162338539149785
0.0012475006278716,0.0121122337278709,0.00612694363502399,0.741238443062199,0.0797715001719826,0.00697707957018644,0.00191475985784023,0.00235108702118055,1.27345689410181,0.00348109843254065,0.0412436454790671,0,0.000281626445852312,0.000217263264120856,2.75703172853607,0.00109821019885362,0,0.00339251082979018,0.0690045825392743,0.102120388536588,0.0161893249019776,0.00206581921382794,0.0187123484583532,0.0135783624588189,0.0208811637707658,0.00504886650636293,2.19117823910197,0.0143474764838285,0.085520562121538,0,0.000533620544582965,0.000212798040424358,0.00687104245440249,0.0081048143501357,17.9535170045015,0.023954348003432,0.00116459126799748,0.0121792779005307,3.55206153757867,0.0349549285483754,0,0.00374258473071909,0.000992401435635206,1.07192867130103,0.0628647613710175,4.32897082514209,0.343756596228048,21.1372110646499,0.0191414534549239,0.00167354650793515,0.00449654157297459,0.0390831114297348,1.61653818590798,0.00174958119249986,0.0506713028314971,0.00438503505908683,1.440805307541,0.00896568219791562,0.00363783410225694,0,0.0021887337302341,0.000292842405048657,0.00441626055775862,0.292905313235499,0.048063317700933,0,0.147464353078901,0.000943794783340859,0,0.513899956797302,0.0557653335329663,0.0973106446107511,0.00132328511586492,0.650502938107521,0.12894137793739,0.00806344865007232,0.000727027932274305,0.00645470603960452,5.90029957271651,0.263617790633418,0,0.187770265575489,0.00570275895212096,0.255454407618856,0.137215429054748,0.0571275282958323,0.00286735621206247,0.0126127583235774,4.71510807413928,0.0271540617580728,0.0078577634160669,0.00407736513523742,0.212341669926668,0.00375900690750398,0.00307465828792906,0.0103659713714569,0.0851417581353991,0.00273434769176166,0.00715369590240708,0,0,0.0225875643937973,0.232842925689722,0.00161983052500138,0.00266410710300113,0.525399943741263,0.00399057892946885,0.000714708947975956,0.0027261650613834,0.0412122428419839,0.0259790599485594,0.00332358023912241,0.00178509059742354,0.0785562341914814,0.0104953452091368,0.0063369438928286,0.00513759446308905,0.0740745708682788,0.101697904273184,0,0.071003569918087,2.75260710703523,0.185426942744889,0.0463186702238186,0.0344926697936617,0.0147137967383566,0.00230512477019489,0.00295901967145647,0.00235047580299347,4.13526002749839e-05,0.00020005982979826,0.00121211386201628,0.0218311450146005,0.0490578626272061,0.0224917588150054,0.000929580744013015,0.000835079093076344,0,0.0123747086281127,0.0105893916392667,0.031646632727544,0.00357892544699502,0.0323278304729305,0.0157010941119691,0.0316180274033221,0,1.67740040633219,0.00479795934787633,0.0824580172743203,0.0112023347513785,0.0177134158537394,0.015632448013183,0,0.0153495929089707,0,0.0415638926188155,0,0.00961202614346288,0,0.0819564864249613,0.0394925805298947,0,0.00210663379682296,0.000719757814064813,0.523568752786426,0.00598792135523853,0.0134941200869076,0.0429639982530206,0.00145194745935575,0.0671760489113151,0.00241129916152354,0.0016693211489282,0.000669045481085323,0.031670340365631,0.00181851239314268,0.010885950881544,0.0312278311428386,0.00620766293309825,0.00526595858081181,0.0659724413748415,0.0376837725271799,0.0181009431156473,0.0212098639662919,0.0381754122528899
0.0148200078753178,0.015508827254057,0.0222928844041625,0.000152855627459086,0.000471525911238857,0.459248720539736,0.0127956231776269,0.0990461448780457,0.00168444577350427,0.000773380488348798,0.000279279366741374,0.000281626445852312,0,0,0.030442739989516,0.011418668369237,0,0.00753526741583433,0.0555480302006873,0.0042498662740239,0.0109738731638288,0.0196086309142608,0.00143139416234531,0.580215647611349,0.0172744697388367,0.0296330077183722,0.00110268436855988,0.0535831884315949,0.0959198776915844,0.0469920718705717,0.00423063622616172,0.0177133901543277,0.000178844586866039,0.186912473311789,0.00097386068630573,0.0159233258168319,0.00661506492849412,0.0115470699917909,0.0382490432562084,0.0109511003888631,0.0006207216174661,0.00157109213945114,0.0425506190385894,1.30917101329275,0.0398716313230826,0,8.15011720984079e-05,0.00127892977882012,0.0969235678609455,0.000738452278439292,0,4.96275914748463,0.000352729985021545,0.019747098414678,0.114548072064496,0.0631417808074537,0.00163373437202693,0.0848203137470118,0.164199755219529,0.000334301956074753,0.112792693215763,0,0.0025302509701271,0.136348590326805,0.00878093268590898,0.000523615024455768,0.0665927129405432,0.000226754708493967,0,0.03877346378143,0.0161535218573051,0.111903557418204,0.0207252446596013,0.000811947261427443,8.22566996142734e-05,0.173898437323661,0.000136792334553583,0.0264114856306834,0.000230756274777818,0.172066074441608,0.00975043317085539,1.09065161990038,0.000935098661102486,0.0465512408713698,0.0114922898692313,0.0167695661422223,9.47748643123124e-05,0.0062755066267946,0.0258765542665797,0.000365997676236208,0.0396525974665809,0.00641850018753955,0,7.69121176480022e-05,0.00195596403890688,0.000356393529504953,9.93746618896309e-05,0,0,0,0,0.000290502309668541,0.00120967058985946,0.000392500080028992,0.000349724018584491,0.000602471903225918,0.000406131424443254,0.000169572353831244,0.00284851389626219,0.000741762246208152,0.00140388861085569,0.00011935052472937,0.000140259389665284,0.0023658404378767,0.00302039155593005,9.85808381217309e-05,0,0.000616072191016066,0.00605446539749468,0,0.0046287813848209,0.000148936457446326,0.00105177919152054,0.00380312414562353,0.000114819977424963,0,0.000630889271770185,0.00103321043405882,0.000367908807215043,0.000169389983017284,0.000308458046053811,0,0,0.00163096909607957,0.000540415178478748,6.36017723705637e-05,6.21326538165802e-05,0,0.000528755864708685,0.000199472375831913,0.0084184404032987,0,0.00326593038317083,0.00549678729379764,0.00515543582445215,0,0.00203190697581482,0.00223674916330006,0.00527689709484011,0.000732050591128147,0.000186752142923105,0.00514578231822056,0,0.00419135872419026,0,0.00243596598760775,0,6.87424239286362e-05,6.24727419821255e-05,0.000127915722947531,0.000852066321745506,0,0.00130025403382353,0.000201228224540662,0.00522580920703641,0.000644693378978923,0.00115252959773178,0.00402217791887379,0.000103869985470655,0.0029413680831273,0.0004080919849433,0.000352770433687984,0,0.00458749789480783,0,0.00154271644345582,0.00231401651204691,0,0.00113649044977113,0.00111228702858688,9.26757840982238e-05,0.0025349941248202,0.00172076283922635,0.00291723593396079
