0,0.0663152869245159,0.383681443409924,0,0,29.2781390290501,0.00316451857346235,1.85505786878721,0,0,0,0,0.00469421581682745,0.0119577892532114,0,0.513207827015752,0.084328668375885,0.0246697085900786,0.00180063058733373,0.0876263528015533,0.00680121781267691,6.16458899898832,0.0185105354709573,0.0699543878580997,0.0309775755832098,3.78106604079369,0,0.0264888661142243,0,0.0386748807248526,0.00472085381784813,1.14246133645649,0.0240701916649833,0.055326913352034,0,0.00753082035829348,0.00751379412842346,0.0400707013134452,0,0.00622624304170296,0.000771888152086486,0.0550131924997893,3.01881712940548,0.0102462090787289,0.00144316788305083,0,0,0,0.119421911478421,0.000148186541766554,0,0.384500637596897,0.000434944580035828,0.00151504379922119,0.134398957809114,0.00384827615028616,0,0.097559381514964,0.0775240101343089,0.230601291300091,3.32773673367153,0.00245733724253923,0.00765152808485527,0.000659116050395111,0.00593952006002598,0.0693730837709877,0,0.00118388556076804,0.0202846257596801,0.00203001921909333,0,0,12.8284858224143,0.000562709307304302,0.00683866574561057,1.61635479903629,0.00125010649954216,0.0117991580382792,0,0.000243489640526187,0.156261406127294,0.0211701283189374,0.000223032447955983,0.000159596000279883,0.000122352524279498,0.0423825307052722,0.00440720162229576,0.0389917083648038,0.000452282263339876,0,0.00490773404920873,0.00520440301229917,0,0.00461346906316265,0.000728034521953956,0,0,6.70315219857549e-05,0,0.00587405255050063,0,0,0,0.000392368536562953,0.00283845860818504,0,0,0.00087685068137851,8.53305217802559e-05,0,0.000180785516323277,0,0.000144308222144271,0.00032707211929172,0,0,0,0,0.001665493850134,0.00053845229418844,0.00144778914350271,0,7.05655636169603e-05,0.000315667445274406,0,0,0.00102313947445661,0.000177577720254507,0.00145149859608732,0,6.34295788455625e-05,0.000577960427429275,0,0.000475301491150694,0.000131672048670654,0.000256083510395241,0,0,0,0.00076329428874005,0,0.000170924787351596,0,0,0,0.000314805607126791,0.00392417430430517,0,0,0.000165606536130317,0.000264940885307593,0.000373748294456536,0.000948213061766494,0,0.000871287119319473,0,0,0,0,0,0.000706895060540401,0,0,0,0.000153403325570431,0,0,7.45525564556566e-05,0,0,0.000390056197544443,0.00629992613590907,0,0.000944491116423016,0,0.000783951066131897,0,0,0,0.00010624732762298,0.000450073835213933,0,0.00690274668746949,0.0030916624070305
0.0663152869245159,0,0.594221334712558,0,0,5.81313818106675,0.289392819348006,4.75210321768877,0,0.00180251920198292,0,0,0.0185153019518692,0.0440740918559108,0,1.63961756138546,23.1925481678168,0.0707515728381858,0.0132771547269406,0.310044864023087,0.222817859510706,0.00499662693471741,0.393851431424329,0.154765632404081,0.482736317882306,5.57963638874612,0,0.0414637836387869,0,0.0198556750746811,26.6989073051228,1.63310446572369,0.617437139028762,0.258259971299779,0.00231383252897367,5.37443145047864,0.286525668749959,0.0252957968320837,0,0.196222696666485,0.0615139636449293,0.343496076712854,0.00179566983866918,0.0163139903732069,0.00318458711803,0,0,0,0.197635688815391,0.015198014217002,0,0.0576602906617304,0.000854552186437728,0.0129371387291531,0.363683177105523,0.400944632281937,0,2.1436325064071,0.048281859820821,0.714086110485752,1.23309466450411,2.05042359672684,35.6515448464488,0.00123112280103452,0.0786048592827522,0.0469357155904067,0,0.891069918390939,1.12023905937386,0.00093216078539976,0.00459085584593177,0,0.382189836565027,0.00199428340674452,0.0167218370347348,0.0430147952350732,2.57604910098417,0.0342844910815495,0,0.00156123870509168,0.0411021200151328,0.0400158665850637,11.1122210467205,0.0151213540564991,0.000800082901161743,2.85490319785782,0.246707727710466,2.18066118452849,0.00390628287191634,0,0.0804084022766238,0.0710277339312182,0,0.592566259352275,0.029768307229782,0.0155697503197268,0,0.00779516381236633,0.231001118787439,2.97535961616018,0.00969883872273333,0.0304617534231923,0,0.0822867132200315,0.675705517789118,0,0,0.912636075933668,0.000529568305572955,0.00796810082173455,0.136393962549696,0,0.0624028130981308,0.0904918039667653,0,0,0.00492580343396049,0.0014319149346879,0.0509570660543986,0.0118925941794324,0.0258342825909377,0,0.0634146030149048,3.95385633068069,0.000225912103295679,0.00351448646282819,0.169863917506932,0.060119319803616,0.682801656767451,0,0.0191824669938871,0.0233427789363843,0.000364876286607539,0.0871286929283469,0.0235286573170847,0.0184971539661548,0.0104524217342842,0.0167847400249032,0.00315524903302552,0.0119105973060168,0.00127938175534161,0.0493204638196993,0,0.00188733757714865,0.00218785920563561,0.0115050504163438,0.0352584606814598,0.00175038850781464,0.00198131703919777,0.0679020856673438,0.0952746082138025,0.0228196382100703,0.188128108145943,0,0.0574846523674687,0,0.00833608465714445,0.0818640143984452,0.0192909377737843,0,0.025177234607835,0,0,0.00757510973980033,0.00263336384421292,0.000480521307284237,0.00686681094248186,0.00381288941517658,0,0.00798920900174416,0.0771979861236005,3.61431045594587,0,0.0526191328263749,0.00464033103076085,1.4323867472354,0,0.0110624623422896,0,0.127207608042713,0.317737557849825,0.0104813055551254,6.92836215967388,0.677998469558804
0.383681443409924,0.594221334712558,0,0,0,10.7224361012272,0.0177805216872765,1.37237065195634,0,0.000176161126871284,0,0,0.0378920678261034,0.111886224383274,0,2.0186885582518,0.737138819454895,0.0789801621426827,0.00772416118850938,0.55388044185827,0.0108180972128087,0.101811331389933,0.047685487110618,0.455653888009067,0.630264508033852,2.05258390591798,0,0.392333295796059,0,0.0525606785994391,0.0338156045288014,2.67257788919839,0.0306566616231912,0.231185290448132,0,0.0509653861084136,7.53051526591569,0.0569058567945148,0,0.0916318290206871,0.0117729385972661,0.0858018678516149,0.0176660666203694,0.118496385168908,0.0176005525617719,0,0,0,3.67984332411974,0.012677393546442,0,0.482764785396197,0,0.0186886649622703,1.10812930546613,2.52275889064691,0,8.49619290657222,0.103421592983977,0.909888152568835,1.09257572986037,0.00327831327519855,0.0748535167068256,0.00408242761447726,0.105647489017547,0.0810101826180592,0,0.0168597342583788,0.106406571743249,0.0258819547507208,0.00329312981309265,0,1.54062261637331,0,0.0877308292157556,0.00545311512221855,0.0041491173344762,0.042826299178961,0,0.000465807044030479,0.395098710856879,0.246684832420426,0.000462761542502917,0.00187339204604539,0.000107703247418944,0.23945274753361,0.0427077744713426,0.125795285174454,0,0,0.162423586822471,0.0666882989079457,0,0.0381925189025006,0.0104190920282545,0.00076768313459377,0,0.000168214049657819,8.35587717840369e-05,0.075382927068387,0.000320524874076977,0.00114624464278099,0,0.00599930085134278,0.0322995566359439,0,0,0.00739628825478302,0,7.94316920903235e-05,0.00675043499286605,0,0.00406453806207272,0.00821282310511509,0,0,0,0,0.00928810982776578,0.00276783806526012,0.00503371258196982,0,0.00534362986004686,0.00282770854588684,0,0,0.0108329101819627,0.00362287177722139,0.0152371492195621,0,0.00152057510263205,0.00154942461366519,0,0.00442761771271143,0.00140807949868785,0.00511531113210416,0.000250736045457219,0.00222732705360174,0.000898101077282394,5.56535655275607e-05,0.000379953547236168,0.000538887229382425,0,0.000631870974688715,0.000104934830125757,0.00310909384673384,0.00457900346684975,9.20594668528726e-05,0.000139215668027251,0.00479802542522508,0.0043953529880676,0.00462400623165282,0.00863914197123519,0.000321517322340245,0.0131169000192171,0,0.000548954415766034,0.00249928650476419,0.00117329423043779,0,0.00199063445865215,0,0,0.000377595908980771,6.0781345509357e-05,0,0.000331330838543864,0.00109449838063113,0,0.0015381383498329,0.00833183880780859,0.12062201390693,0,0.00227247114298601,0.00035563355806565,0.0167513549864365,0,0.000164147196778674,0,0.00406765162571468,0.00187059538633307,0.000512832127738463,0.069748983184569,0.038210041579788
0,0,0,0,0,0,0,0,0,0,0,0,0,0,0,0,0,0,0,0,0,0,0,0,0,0,0,0,0,0,0,0,0,0,0,0,0,0,0,0,0,0,0,0,0,0,0,0,0,0,0,0,0,0,0,0,0,0,0,0,0,0,0,0,0,0,0,0,0,0,0,0,0,0,0,0,0,0,0,0,0,0,0,0,0,0,0,0,0,0,0,0,0,0,0,0,0,0,0,0,0,0,0,0,0,0,0,0,0,0,0,0,0,0,0,0,0,0,0,0,0,0,0,0,0,0,0,0,0,0,0,0,0,0,0,0,0,0,0,0,0,0,0,0,0,0,0,0,0,0,0,0,0,0,0,0,0,0,0,0,0,0,0,0,0,0,0,0,0,0,0,0,0,0,0,0,0,0,0,0,0,0,0,0
0,0,0,0,0,0,0,0,0,0,0,0,0,0,0,0,0,0,0,0,0,0,0,0,0,0,0,0,0,0,0,0,0,0,0,0,0,0,0,0,0,0,0,0,0,0,0,0,0,0,0,0,0,0,0,0,0,0,0,0,0,0,0,0,0,0,0,0,0,0,0,0,0,0,0,0,0,0,0,0,0,0,0,0,0,0,0,0,0,0,0,0,0,0,0,0,0,0,0,0,0,0,0,0,0,0,0,0,0,0,0,0,0,0,0,0,0,0,0,0,0,0,0,0,0,0,0,0,0,0,0,0,0,0,0,0,0,0,0,0,0,0,0,0,0,0,0,0,0,0,0,0,0,0,0,0,0,0,0,0,0,0,0,0,0,0,0,0,0,0,0,0,0,0,0,0,0,0,0,0,0,0,0,0
29.2781390290501,5.81313818106675,10.7224361012272,0,0,0,0.100295168048042,8.23787541034527,0,0.0013729586240284,0,0,0.232832404925308,1.09574392374206,0,51.004910982546,3.71026729797905,0.406499147742722,0.174721304896142,4.78307479059737,0.205853187587823,1.84487734607461,0.299390699134535,2.18831831868351,3.0902767457699,15.9053802381092,0,1.89216154068451,0,0.275792946914482,0.46542390625877,16.4311888963479,0.13645145108464,1.00829124693435,0.000974378454801505,0.694778629482675,5.59703671148472,0.314062880217862,0,0.706283045239759,0.230184671897474,0.42338816806932,12.5844749402748,4.05980035553377,0.43114326111861,0,0.00076807022445681,0,3.83647610028077,0.0591559466725157,0,12.8787844633568,0.0013704576765738,0.583530608811832,10.6563391933236,0.736297343583222,0,11.6401184606163,0.566518832574942,5.64403628587078,10.6527067829568,0.017899031780151,4.54065924680456,4.36351278621618,0.564750983160946,0.487966344880437,0,0.0865944410684329,0.905513900374727,0.339627852557968,0.0396242923554695,0,9.22557480791214,0.000884209918807083,0.993116731867721,15.5973766220712,0.0154156085331939,0.218334123744097,0.000301717390798458,0.0500806684788987,5.13926404437528,23.4468079722708,0.00464117230971163,0.0160846230632424,0.00960768023117147,7.15848798636063,0.286839817457292,3.07910072650079,0.0013593778054058,0,0.290133178635775,0.363687789307753,0,0.301812613653509,0.220459805151817,0.00331265820642733,0.000123166119559042,0.00144932428020654,0.00089821430929452,0.528283408099057,0.00279758810040083,0.0214208033903182,0,0.0659197883472118,0.459225224579895,0,0,0.0293203167187949,0.015885710420276,0.00615674458837753,0.0753536631711215,0,0.0380628951293442,0.341418095340127,0,0,0.000357837586876892,0.000403970175490639,0.0855042824815508,0.0404863453835884,0.0475215772624509,0,0.0187958086328738,0.017912120388609,0,0.00112826166987283,0.106763359262231,0.0626509449745887,0.267353583428,0,0.0274107214757463,0.00697609191675776,0,0.0736286569127045,0.00350224600494525,0.116941414404241,0.00454202197790138,0.0516821950142739,0.00174909110147458,0.00444622524283259,0.0252347261095715,0.00275674943424585,0,0.0179304393113813,0.00236674719319625,0.0992778877422676,0.0373177130582436,0.00309777821976774,0.00255210843010211,0.0418830688049765,0.0733708087283764,0.252389326290505,0.130027452418268,0.000185567022187682,0.256590685257653,0,0.036319226422518,0.0171998271050485,0.0135472952387692,0,0.00768525775961364,0,0,0.0134569383863957,0.00314274883040932,0.00053316179057869,0.00549397890400408,0.048893971522712,0,0.00909215102612874,0.12713467065075,0.737176515244153,0,0.025473581555371,0.00114528597989027,0.524136188569093,0,0.00170059440339295,0,0.0185510133387518,0.0125111819865642,0.00226676017270586,0.526776776626377,0.647712031363075
0.00316451857346235,0.289392819348006,0.0177805216872765,0,0,0.100295168048042,0,0.460752453958498,0,0.012388306726302,0,0,0,0,0.000985971991069461,0.0044113749648121,16.7123429800789,0.181449171523282,0,0.00087100818137545,6.9392797537675,0.012565357692949,2.45297330449181,21.513388019563,0.0540544519092061,19.2300245339803,0,20.3958329407529,0,2.69624231973597,0.00394102823713406,0.192863460029527,0.274877855871004,3.86608892829769,0.169017705302386,4.64415784895762,0.0350177004876404,2.33965200364767,0,1.18374773969914,0.000396575062957961,0.745183206338417,0,0,0.0887504046503437,0,0.0257769742747591,0,0.000837626715798894,0.00805658102487284,0,0.00136789480022015,0.138989231171933,0.00121212321799642,0.00209920862405016,1.3854557683615,0.00316431106046924,2.15106533827723,1.1237140549309,0.00364828926670891,8.35356448649781,0.917179181349909,2.12067880811151,0.00877550622442732,0.018949537869416,10.7562614572281,0,0.172734214716596,0.00429870917846062,0,0.00232008124181749,0,0.10739289365803,0.0503702662352634,0.016889158831453,0.000135715303290847,8.90847467206106,0.0952940130812251,0.0468601191691203,0.00273853784054072,0.00118942821724849,0.0127613163082264,11.6015198341573,0.993967621088585,0,7.47623103689516,0.265029150715127,24.1741299202901,0.208286471141843,0,0.00695148759607456,0.0713348271577075,0,0.702510043224541,0.000317562535402409,0.356985884137855,0.00017133431674104,0.0202548594093111,0.0192790998271757,1.67553262754132,0.0295473297119801,0.00316898439389443,0,0.0176579379630614,0.0553964555749068,0,0,8.86654848354985,0,0.00080491106295694,0.125581699056495,0,0.0292462969313509,0.438147408843581,0,0,0.00218637905453442,0.0364731446452765,0.428201298410808,0.000333654826367488,0.325025669597569,0,0.194173937243504,4.5655632280476,0,0.00186877560711832,0.0166086206852383,0.000692502286454355,0.121117622074091,0,0,0.0457944563768578,0,0.0115269050102234,0.172313643324593,0,0.00702716045933775,0,0.218007057345853,0.123439468515534,0.00138786418636891,0.00678388401031433,0.00446379914816959,0.116464025687009,0.124725926349888,0.000238059587965003,2.42038751309903,0.00426123213990251,0.211724571322229,0.0283205694329898,0.00847158448380049,0.0321328890160241,0.0193654415588721,0.0677562387099261,0.000286593415190939,0.0337290668135807,7.97454390484048e-05,0.909903998941859,0.00686123029752019,0,0.493910248354368,0,0,0,0.188677888529791,0.039540442909191,0.000105595394267879,0.0036821053890099,0,0.403101168252379,0.00831380728735214,2.42426471518843,0,1.87887444933199,0.0455315860290211,0.256437560369626,0,0.000617829746763205,0,1.18414185445578,0.0356576832429468,0.0565777253586249,0.250473225438299,0.0205991480132083
1.85505786878721,4.75210321768877,1.37237065195634,0,0,8.23787541034527,0.460752453958498,0,0,0.00111954889524697,0,0,0.0298578610818741,0.0650891188543761,0,1.69113412491729,14.4900533573432,0.101188226568626,0.0107305745503692,0.551114387480275,0.282153729011576,1.46449753243914,0.161017139102308,0.581899730320857,0.662738963587368,18.21649883563,0,0.83508801698816,0,0.156979272380979,1.95308367519545,48.9633355756855,0.010060526001678,0.708127452815549,0.00664220925036948,0.159186800985322,0.211939737937098,0.461774686811969,0,0.244218426576952,0.486388004097556,0.0944477993336122,0.0245604472617017,0.0296859119947715,0.00797355478311304,0,0,0,0.247399619012325,0.0133528482694643,0,0.274776634783661,0.00204561531273586,0.305581665868052,0.698884838437297,0.391218336844072,0,2.98836084202212,0.190776204543603,1.7363024106876,1.37507948986846,0.00988620006203463,5.04971043857501,0.00739900905364016,0.109717664226753,0.975191692917155,0,0.0256247386336907,20.7977239866762,0.00275866426483372,0.00752048967386729,0,11.325559329932,0.00185028265743979,0.0248687975430088,0.0416939203229464,0.0841317487443941,0.0572821929182421,0.00101134975867318,0.00238051575034598,0.132554928275086,0.671996530115555,0.00127458035586671,0.0290900142434431,0.000426356641001716,3.47049878852999,0.0825564778177636,2.76176833244699,0.00210722537454445,0,0.126399536608502,0.0932151320007488,0,0.0397086356137751,0.0868121194795482,0.00190739253216791,0,0.00125160002714775,0,0.100879468248452,0.00103648686576431,0.0156490703011899,0,0.0402049838293259,0.224410974139031,0,0,0.0160949589773921,0.00224215584266768,0.00533043122028462,0.0519827068350171,0,0.00422121772852973,0.0337388601475576,0,0,0.00053294447466487,0.00430630801742674,0.0684898840287568,0.0250423785313455,0.0310367242714731,0,0.0126473545521276,0.0137088958860858,0,0.00156005269548159,0.101884258007689,0.0486572387925717,0.136911233373511,0,0.0156316461814468,0.00206072213947949,0,0.0545952931337871,0.00528624039362493,0.0483862526766198,0.00308644285166407,0.0301088925161131,0.00709282078705138,0.00778075513047492,0.00506921867792892,0.000445026941908652,0,0.00468643890542386,0.00307376971624998,0.0438324430102181,0.0845356598498846,0.000386499591332079,0.00771292918226899,0.022149727855284,0.0564584987385011,0.0335836650414457,0.0545981507201088,0.00220119979310007,0.13870685785732,0,0.0183487076843753,0.0032578526929577,0.00240703921497625,0,0.0129602254572391,0,0,0.00700645696053351,0.00912041886274801,0.00161623244011453,0.00669904302206025,0.0157139195935304,0,0.014507099789728,0.0705809345941515,0.164498810273627,0,0.0815959962434723,0.00670459683600207,0.428444108357744,0,0.000383179193029591,0,0.00563171308196325,0.00217843808232093,0.000665228282406234,0.22874923055841,0.451649813547262
0,0,0,0,0,0,0,0,0,0,0,0,0,0,0.00127610162596,0,0,0,0,0,0.0252138319202464,0,0.00220130292125209,0,0,0.000105091599942403,0,0.00150668966873486,0,0.000928767506309339,0,0,0,0,1.59258560995021,0,0,0.00055010074251835,0.000187921829853931,0.00121121590088916,0,0,0,0,0.0600388344440848,0,0.311447986418359,0,0,0,0,0,0.290817013839408,0.000965981399701946,0,0,0.0227689894460294,0,0,0,0,0,0,0.0109803436403033,0,0,0,0,0,0,0,0,0,6.61927416495069,0.0430347533291469,0,0.000440019103611855,0,0.255728501174018,0.004877442560303,0,0.0130777000257208,0,0.471793671153559,0,0,0,0.00121303261954638,1.52636959141267,0,0,0,0,0,0,0.000162596976489253,0.00530527173227099,0.000297323282997175,0,0,0,0,0,0,0,0,0,0.000394185550591097,0,0,0.000208815933490647,0,0,0.00165287066929674,0,0,0,0.0296651861946251,0.000900722304463308,0,0.00111227579677337,0,0.00158374009741901,0,0,0,0,0,0,0,0,0,0,0,0,0,0,0,0.0280438538834657,0.00105142762731013,0,0,0.000100670220419475,0.0150523399029441,0.0126885513113693,0,0.00495016474788145,0.000839305914601074,0.0278749840279547,0,0,0.00504973014481412,0,0.00940005519256977,0,0.00678796687227976,0,0,0,0,0.000722957861773834,0,0,0,0.00887458046436221,0.00493016512364358,0,0,0,0.0209515622263928,0,0.00106768090403691,0,0.00411541841908487,0,0,0,0,0,8.23541960032273e-05,0,0,0,0
0,0.00180251920198292,0.000176161126871284,0,0,0.0013729586240284,0.012388306726302,0.00111954889524697,0,0,0,0,0,0,0,0.000439670059657697,0.00477915364358174,0.00248384227860321,0.000124409594407144,0.000227738918645521,0,0,0.0238824409370693,0.00173337804983689,0.0108495616323011,0.00546257911693731,0,0.00417203674130932,0,0,0,0.00250713512301285,0.000684133954053909,0.00316940390529805,0,0.00122908927059819,0,0.00292213749596183,0,1.02742241766603,0,0.00576608888749882,0,0,0.000103967682043326,0,0,0,0.000305302276129952,0.0805746802205245,0,0.00036740499449759,0,0,0,0,0,0.00342179676290963,0.00132212040117289,0.000668292559385233,0.00173562687658325,0.00072775959766402,0,0,0.110032535609593,0.00095960384742786,0,0.000847627602337927,0,0,0.00101486177645221,0,0,0,0.000148048950220536,0,0.00116537500719187,0.00238158549150668,0,0,7.99689703148629e-05,0,0.000859025252179298,0.00208536871433573,0,0.0132474545815348,3.74767048985344,0.159597044964446,0,0,0.000662950526611566,0.000578894634515253,0,0.000178500803777905,0,0.000393457502655955,0,9.47800916741102e-05,0.000732441799261205,0.000821136512997048,0,0,0,0,0,0,0,0.000659160731491994,0,0,0,0,0,0,0,0,0.000201422141878932,0,0.00141328252211491,0,0.00372237133207801,0,0,0,0,0,0,0,0,0,0,0,0,0,0,0,0,0,0,0,0,0.000230581781482098,0,0,0,0,0.000619295469090929,0,0,0.000298683718484027,0.000110883535025657,0,0,0,0,0,0,0,0,0,0,0,0,0,0,0,0,0,0,0,0,0.00026431539262195,0,0,0.855960700989885,0.00175124657328304,0,0.00317350364848122,0,0.00036080581458086,0.0124830143794887,0,0,0
0,0,0,0,0,0,0,0,0,0,0,0,0,0,0,0,0,0,0,0,0,0,0,0,0,0,0,0,0,0,0,0,0,0,0,0,0,0,0,0,0,0,0,0,0,0,0,0,0,0,0,0,0,0,0,0,0,0,0,0,0,0,0,0,0,0,0,0,0,0,0,0,0,0,0,0,0,0,0,0,0,0,0,0,0,0,0,0,0,0,0,0,0,0,0,0,0,0,0,0,0,0,0,0,0,0,0,0,0,0,0,0,0,0,0,0,0,0,0,0,0,0,0,0,0,0,0,0,0,0,0,0,0,0,0,0,0,0,0,0,0,0,0,0,0,0,0,0,0,0,0,0,0,0,0,0,0,0,0,0,0,0,0,0,0,0,0,0,0,0,0,0,0,0,0,0,0,0,0,0,0,0,0,0
0,0,0,0,0,0,0,0,0,0,0,0,0,0,0,0,0,0,0,0,0,0,0,0,0,0,0,0,0,0,0,0,0,0,0,0,0,0,0,0,0,0,0,0,0,0,0,0,0,0,0,0,0,0,0,0,0,0,0,0,0,0,0,0,0,0,0,0,0,0,0,0,0,0,0,0,0,0,0,0,0,0,0,0,0,0,0,0,0,0,0,0,0,0,0,0,0,0,0,0,0,0,0,0,0,0,0,0,0,0,0,0,0,0,0,0,0,0,0,0,0,0,0,0,0,0,0,0,0,0,0,0,0,0,0,0,0,0,0,0,0,0,0,0,0,0,0,0,0,0,0,0,0,0,0,0,0,0,0,0,0,0,0,0,0,0,0,0,0,0,0,0,0,0,0,0,0,0,0,0,0,0,0,0
0.00469421581682745,0.0185153019518692,0.0378920678261034,0,0,0.232832404925308,0,0.0298578610818741,0,0,0,0,0,0.00168381357753441,0,0.0367915717278778,0.000934671802323725,0.00248087779275032,0.000310685142687931,5.87321323096107,0.00047388414629293,0.000533982745098662,0.00118326598804016,0,0.0233526411669166,0.00232055741455642,0,0,0,0,0.000462223929364456,0.101417177808928,0.000108704798936477,0.00654976244917899,0,0.00106889430177731,0,0,0,0.00433697604231933,0.00157255370932792,0.000670433689424849,0.00309867582520034,0.00105366816582944,0,0,0,0,0.00670017693081014,0.000371263120396615,0,4.57741527958317,0,0.00145362194887333,0.792133613999899,0.000751038277134561,0,0.058012468353125,0,4.713097209676,0,0,0.319471510948021,0.000388582695456776,0.00186730702688759,0,0,0.000992047420940341,0.00187655384447397,5.6606347279861,0,0,0.000247639124479355,0,7.99743777635904e-05,0.00153348182763145,0,0.000888643113900883,0,0,3.67075268461847,0.0410492539192984,0,0,0,0.0272272477064989,0.00237132778276432,0.00906042926923714,0,0,0.00660301298055826,0.00387923001452334,0,7.7133068346431e-05,0.00674654151524814,0,0,0,0,0.000618525610591707,0,0.000110577311751039,0,0.000958884819939302,0.00108076740126258,0,0,0,0.000372458603526988,0,0,0,0,0.00383265806490653,0,0,0,0,0.000133858387110469,0.00208118623422341,0.000171263968994396,0,0,0,0,0,0.000769149496124832,0.000764669554312156,0.000761544103178257,0,0.000738463282112911,0,0,0.000639460786094986,0,0.00310238494215955,0.000242441886398827,0.00112553131614497,0,0,0.000689843836818868,0,0,0.000649410894350767,0,0.00350684422290514,0,0,0,0.00030698675716575,0.000802363827334502,0.00337281410968473,0.0013357914548921,0,0.00916972971101321,0,0.00150798131096465,0,0,0,0,0,0,0.000120147493947981,0,0,0,0.00120165181579068,0,0.000209879300773139,0.00396030476318105,0.000173858998579385,0,0,0,0.00601006885849313,0,0,0,0,0.00026963991704463,0,0.000771263321023747,0.00570538598745482
0.0119577892532114,0.0440740918559108,0.111886224383274,0,0,1.09574392374206,0,0.0650891188543761,0,0,0,0,0.00168381357753441,0,0,0.32634792986738,0.0021349330727559,0.0104233176490971,0.00324505665256169,0.179268996690018,0.00120120304956682,0.00034757242649224,0.00789806941207319,0.000227064035513814,0.106671364429228,0.00425706115922616,0,0.000229081961191521,0,0,0.019291254453407,0.02017564026898,0,0.0273890297692231,0,0.0182523503584332,0,0.000195943958516813,0,0.0285635939142978,1.53920323237637,0.00317883345274049,0.00746208287099621,1.72197821702742,0.589657228903678,0,0,0,0.044448258808782,0.00448304303280618,0,0.103198631691625,0,0.14091152194177,14.0661778476411,0.00264436082013878,0,0.254659593536961,0.000574793546417233,5.07471086707324,0.000112456056942496,0,1.87574316919528,0.00990798243923565,0.0243191824768166,8.8837234640371e-05,0,0.00449889135313164,0.0414273963492496,0.000288794242755457,0.000508547807542455,0,0.000968018376809527,0,2.16921720385147,0.0125673079908388,0,0.00758079687175755,0,0.000173186762378368,0.00473230387637297,1.04688949255413,0,0,0,0.101476445122603,0.0123148832867162,0.0269149118935741,0,0,0.0158538047877088,0.0142428628706007,0,0.000844914562556335,0.850671963593119,0,0,0.000804221215877237,0,0.00141334901740621,0,0.0067982704298335,0,0.0125223457446223,0.0148566775460003,0,0,0,0.488469778019507,0.00114387563387461,0.0153916712638109,0,0.000691070372735638,0.053666164048848,0,0,0.000324204931084083,0,0.00370047385437018,0.0137694923819709,0.00112164153316428,0,0.000925078488244285,0.00145139430777452,0,0.000392124713350965,0.00195516440299478,0.0202602642461129,0.025685249223951,0,0.0116756261955928,0,0,0.0233794557080912,0,0.0284312108586127,0.00167272786970171,4.46138716827189,0,0.000762175992466644,0.0136957160300933,0.000199807909561857,0,0.0972280596311984,0,6.26359770923098,0.000129888454271625,0.165159274759011,0,0.00585801100853626,0.0216552044521734,0.609066445104544,0.00672824861108073,0,0.0955401304613507,0,0.00917362006180898,8.98200034219897e-05,0.000255485482052491,0,0,0,0,0.00899769571210349,0,0,0.00159294085685378,0.746619656924605,0,0,0.0946263149141952,0.000776262027540436,0,0.000321365343804255,0,0.263254725220375,0,0.00010371958401356,0,0,0.000224934612468495,0,0.0143275705693972,0.355032445216314
0,0,0,0,0,0,0.000985971991069461,0,0.00127610162596,0,0,0,0,0,0,0,0,0,0,0,0.00882363812473476,0,0.000833474383976972,0,0,0.000201561672124716,0,0.000177576451169468,0,0,0,0,0,0.00026534201191155,0.85705926721903,0,0,0.000715313376938526,2.49263559144017,0.00189856693569321,0,0,0,0.000270757401238497,0.0328352587361704,0,0.00303486054929161,0,0,0,0,0,0.509148323701973,0.000488965628806265,0,0,0.00060937653119203,0,0,0,0,8.28208570137056e-05,0,1.5711448318663,0,0,0,0,0,0,0,0,0,0.0412886158573789,0.0153026279390967,0,0.000284907774377275,0,0.00394443417823892,0.00932062705302048,0,0.0135679349052961,0,0.0719601056483734,0,0.000229222400073965,0.000483032632844181,0.000830921385953511,0.00674988686422193,0,0,0,0,0,0,7.38901228521183e-05,0.00318250911492809,0.000125469506501036,0,0,0.00027857503701785,0,0,0,0,0,0,0.000699842513609522,0,0,6.33337707206492e-05,0,0,0.00092144816894066,0,0,0,0.0500135034475984,0.000664683770142838,0,0.00134474462896862,0,0.00159951463241453,9.39373798340406e-05,0,0,0,0,0,0,0,0,0,0,0.00034079559776957,0,0,0,0.027764420561765,0.00227398339508603,7.13580887187824e-05,0,0.000147643739718157,0.00754464565495876,0.0339003677913807,0,0.0046525535840132,0,0.0190594743807734,0,0,0.00663251023026071,0.000219435737980493,0.0131590773036997,0,0.00370898140470923,0,0,0,0,0.000845414079360887,0,0,0,0.00899055094118327,0.00361519033945455,0,0.000346248879068519,0,0.00829567578649694,0,0.000249770769800791,0,0.00248928797047807,0,0.000737234883291176,0,0,0,0.00138538407311373,0,9.70554214660517e-05,0,0
0.513207827015752,1.63961756138546,2.0186885582518,0,0,51.004910982546,0.0044113749648121,1.69113412491729,0,0.000439670059657697,0,0,0.0367915717278778,0.32634792986738,0,0,0.27071471855319,0.189118675261469,1.03180696461608,0.949033053294023,0.00397493574210003,0.0592070309515751,0.142359282960157,0.0369230515431073,4.90581702479362,1.02460516210335,0,0.0214265361744749,0,0.015758683706994,0.0898098787298865,1.80922219985812,0.0136176819672649,0.309380725520174,0,0.144195483483307,0.0269458284306766,0.0220324090676987,0,0.663923191644814,0.0775744315016567,0.0565291137132963,0.178821803320826,0.914067985171396,0.154574788956588,0,0,0,22.7653206781317,0.0561052175145389,0,1.26788721246932,0,0.21667093927843,3.03916320760296,0.012512914168506,0,18.2584101637599,0.0321748843091445,0.862846358736985,0.260757897187484,0.00255637593350045,1.0148634000651,2.14503685831836,0.615805717972365,0.0375104419140102,0,0.0724860292583275,0.245454328445243,0.0735975062630872,0.145740336504612,0,0.27277306636026,0,0.385234919819662,2.91201721456391,0.00101294329050674,0.114323207518242,0,2.44928945133084,0.355184730470096,4.46586223434642,7.06807973780144e-05,0.000599092808806601,0.13475808315418,12.095866295996,0.248103336218917,0.0853482298048193,0,0,0.108319283083886,0.331613473122778,0,0.0413817857771128,0.110593230360273,0.000829520782983184,0,6.25309219979319e-05,0.00062765864407597,0.0850751623316264,7.37225989733692e-05,0.00796584833391939,0,0.0277261618499383,0.190178138494769,0,0,0.0023426148855805,0.0056006964114055,0.00268324165820208,0.0243304822588968,0,0.00523180608338028,0.0847166815395996,0,0,8.64190926601889e-05,0,0.0555194531450023,0.0229808066802867,0.0406836004956363,0,0.00372781694160553,0.000500952232203353,0,0,0.0295877807019747,0.0307707769795689,0.100253806798844,0,0.0166751503734928,0.0011275939413255,0,0.0217326726387976,0.000276137370527224,0.0726338544019575,0.00038771438704487,0.0273905664359394,0,0.000571049921538405,0.00818987202760911,0.00190540338747829,0,0.00668931638476311,0,0.0348815561389877,0.00227718535133019,0.000770449506419971,0,0.00938291077585571,0.0264387284996307,0.0517840055853713,0.0527092497435716,0,0.141626693689885,0,0.0291748635273891,0.00110287722757985,0.00277434340027786,0,0.00105074024075748,0,0,0.00661284697148705,0,0,0.00205207305430233,0.0147141471267895,0,0,0.0695675526422191,0.104773386019973,0,0.00271746858076012,0,0.157939122276523,0,0.000721435811234534,0,0.00140609561107666,0.00842211866857029,0.000166692448959338,0.115127205572915,0.206145998994603
0.084328668375885,23.1925481678168,0.737138819454895,0,0,3.71026729797905,16.7123429800789,14.4900533573432,0,0.00477915364358174,0,0,0.000934671802323725,0.0021349330727559,0,0.27071471855319,0,0.101723383118653,0.00247325093032472,0.0141192642836186,0.969914623511564,0.00411354480480901,0.70896990708852,0.99776952688102,0.338676630860975,18.1618443158388,0,1.44091450276159,0,0.369387419001215,8.37772935024716,1.43777875222642,0.197203133623958,0.7921974184484,0.0179589412220111,1.46035849134601,0.877334495877255,0.828263873256966,0,0.352640830881552,0.0018386226324364,0.27655649614187,0.00181785902771473,0.0022436617913659,0.00847581425124434,0,0.00235617939432476,0,0.047382358875137,0.0131828147839546,0,0.0170570700583047,0.0123774021496251,0.000797341572135433,0.0198731640270108,1.4643624387538,0,3.36112567069292,0.300008491526214,0.0515845820785512,6.67095443582708,1.1185842649918,0.902476212233055,0.00145491960298685,0.0572577997884089,0.402826292113576,0,0.295727575532759,12.3524501551552,0,0.00408528625503328,0,0.4113247300162,0.00564232745895558,0.00281325210144836,0.00398762665934367,5.1852645644207,0.0540620625104858,0.00709883003938794,0.000497713500756875,0.0155740794202684,0.00685680834688632,8.20464007898047,0.0952806105574792,0,5.10864518114261,0.129517131808103,7.32033531705346,0.0225822147889312,0,0.0743197272651584,0.0726040747547285,0,1.9612591289142,0.00609869032589739,0.0565854150000959,0,0.00656350742713869,0.0461365872078623,5.67729267245252,0.0326160682015777,0.0349245759929244,0,0.162429515590035,0.72125489327836,0,0,2.24848881504945,0.000196396062307239,0.00885932287526372,0.235781527360457,0,0.19996508841953,0.211726882290515,0,0,0.00153554726209199,0.0017406610640142,0.202161152255663,0.00263529950275305,0.0604535025938614,0,0.117847724546081,1.64306727584737,0,0.00404175709906031,0.21592595455333,0.0331765637658776,0.749067095970176,0,0.00595834451555998,0.0378744659994063,9.25055781987533e-05,0.0882090034749908,0.10790852408351,0.00241214528981741,0.0118477140887235,0.00286243000976091,0.019750134952239,0.0241810929660781,0.000254962914319708,0.0117629261925022,0,0.011872255930529,0.0128749542131762,0.00169347825524756,0.257968612408088,0.00076032637514687,0.0155091772598525,0.160594178646769,0.125021596297507,0.0399501254273291,0.213581967960534,0.00839137285717545,0.00838246851653596,0.00214869159025848,0.000629798056660429,0.352641469462197,0.0651312584160544,0,0.145950965501693,0,0,0.00272812439832526,0.0194277597821137,0.00270618925296423,0.00491265747218656,0.000754420989650224,0,0.04794724634515,0.104144554078128,6.33500357600484,0,0.289835277223184,0.00894163029351322,0.279062274894234,0,0.00224236976029377,0,0.403410092348005,0.0528013475443465,0.0341598615965248,4.4962576776213,0.542562195265502
0.0246697085900786,0.0707515728381858,0.0789801621426827,0,0,0.406499147742722,0.181449171523282,0.101188226568626,0,0.00248384227860321,0,0,0.00248087779275032,0.0104233176490971,0,0.189118675261469,0.101723383118653,0,0.00281464611253372,0.051220532066773,0.509057059637855,0.00594975820834572,5.68332311717141,1.33148867492983,0.9815120784315,1.1772499702177,0,0.341104683702394,0,1.46054901676046,0.0123250200482637,0.169729805285968,2.27433854208973,12.0491499369061,0.0213546717780257,2.29855347931292,0.0267541354768533,0.815463363369199,0,1.22172054958935,0.00122042841208818,18.0703056268514,0.00188627893804997,0.0122216148638603,0.0081201955325269,0,0.00203448308224474,0,0.0369633636182022,0.068248186873921,0,0.034988699942687,0.0133215115759611,0.00305685694923549,0.10734389524375,0.0667364822550483,0.000308979925350471,1.04008687626266,17.2550329006798,0.0686373097928963,0.410039643407012,0.378695434577968,1.2868397680671,0.00085622029739625,0.307060629765357,0.798142590770173,0,2.07416426335271,0.00769383856770713,0.00147322342436031,0.0118226053429295,0,0.0635723275123461,0.00725253266146398,0.0122327238308308,0.00122519768492348,0.105288076710687,28.2938390343362,0.00727077381869227,0.00186490978963247,0.0289241057986929,0.0401589662903005,0.0183002585953506,0.167502231970516,0,0.287608722568302,1.84180653808116,2.49433285899098,0.0178464596436333,0,0.167418575936951,8.74511055003235,0,0.00604051293181957,0,0.000700818086893443,0,0.00633408494944917,0.00273178999304561,0.0105852359810234,0.00160949236105049,0,0,0.000253498517324272,0.00329073578468656,0,0,0.00807483716184905,0,0,0.00410075835746309,0,0.000339536671665347,0.031676842856134,0,0,0.000645998137202322,0.00334476667914417,0.0423691307022914,0,0.0532853417542338,0,0.00629559519805811,0.00998739849322583,0,0.000657549555818824,0.00140267791772323,0,0.00323680199952386,0,0.000116537890412684,0.100432054719808,0,0.000142953503753533,0.0236763999276917,0,0.00339216621317479,0,0.0305779388135401,0.0157228975236786,0,0.0178755069040961,8.31109879136562e-05,0.0189971161985917,0.0120921791353025,0,0.269337194855578,0.000119084410049243,0.0280128636592673,0.000134488923907859,0.000174285268212877,0.00343605915840499,0.000390154845319439,0.00976283762566231,5.51651362136266e-05,0.0024852562431841,0,0.00140761855522668,0,0,0.0140627977022218,0,0,0,0.0269371713293624,0.00370883723344606,0,0.00181564903570538,0,0.0587948854118119,0.000973532556044912,0.0155590889296652,0,0.215995010164455,0.00880663740950313,0.0502905675316303,0,0.000800415800009772,0,0.00495544399972652,0.0029771333066915,0.00102489689458988,0.0107665258344298,0.00279221757523358
0.00180063058733373,0.0132771547269406,0.00772416118850938,0,0,0.174721304896142,0,0.0107305745503692,0,0.000124409594407144,0,0,0.000310685142687931,0.00324505665256169,0,1.03180696461608,0.00247325093032472,0.00281464611253372,0,0.00718166658530434,0,0.000359556915197302,0.00661303178534567,0.000609155884659742,9.57050914868481,0.00762736398256077,0,0,0,0.000283129571808496,0.000403353420644636,0.0126006505749831,0.000134434854464792,0.00243090546869303,0,0.000728566186561173,0.00027811135783604,0.000248470914398747,0,0.0939220170271198,0.000136697950686715,0.000200129447806291,0.000274282179961097,0.00183830838384454,0.000586126456299336,0,0,0,4.21586400299094,0.00229173808313178,0,0.00576249475602752,0,0.00180026977232317,0.0239056574843555,0.000395207529260074,0,1.35042592464752,0.000447698471542713,0.00615832846591776,0.00296898527600038,5.87296954459755e-05,0.0048395746191129,0.000181991873529406,0.0250983885647596,0.000485743744766993,0,0.00206676199438966,0.000948269285230563,0.000577035711214702,0.668358061057289,0,0.00200565096343477,0,0.00381860496751101,0.00152484700124985,0,0.00243510130006545,0,0.195986013421457,0.00222971410374952,0.0200772861495663,0,0,0.595618614749679,1.37761184370628,0.00916184026908535,7.07992833966723e-05,0,0,0.00103592192126372,0.008967064245026,0,0.000324833754171134,0.000577319651480349,0,0,0,0,0.000142278186547446,0,0,0,0.000116347955419335,0.00164954847699369,0,0,0.000362654741816737,0,0,0.00153288451906655,0,8.40452225718546e-05,0.000811463844583101,0,0,0,0,0.00815697882910432,7.24988980119281e-05,0.00505917256777434,0,0.00073824771207915,0,0,5.57857120240118e-05,0.000263595685566226,0.000384022742858945,0.000751882091526901,0,0,0,0,0.000138056276605976,0,0.000281783884997389,0,0,0,0,0,0,0,0,0,0,0,0,0,0.000147928002383977,0.00029805822713183,0.000372459326756247,0.000172750023625969,0,0.00110037308882347,0,0.000219023636238713,0,0,0,0,0,0,0,0,0,0,0.000273195173124477,0,0,8.69426606380621e-05,0.00106810959152807,0,0,0,0.00169827103320031,0,0.000123335877405171,0,0,0.000168356216153365,0,0.000489539023348362,0.00205782073956103
0.0876263528015533,0.310044864023087,0.55388044185827,0,0,4.78307479059737,0.00087100818137545,0.551114387480275,0,0.000227738918645521,0,0,5.87321323096107,0.179268996690018,0,0.949033053294023,0.0141192642836186,0.051220532066773,0.00718166658530434,0,0.0136152470537403,0.00124386294582976,0.0344043228942693,0.0010916147683473,0.423774024819333,0.0384460002833746,0,0,0,0.000444026574479092,0.109801155955904,0.169224732535031,0.0010766345873392,0.132586727042167,0.000385942237887821,0.063623439322332,0.0010009793816359,0.000587602061956267,0,0.106092138810789,0.138279980921907,0.0112684197824221,0.0298889215925134,1.58632246361874,0.00124753555900431,0,0,0,0.150590861557253,0.0127515980177742,0,0.729932339019503,0,0.158335442118364,23.9775085262449,0.0173491392169822,0,1.13417081415511,0.00321462865881464,13.1388198936761,0.00364570863206765,0,10.6405421122471,0.0170035662702062,0.0718537221180224,0,0,0.0167090779009256,0.225467152164765,0.0257909015084965,0.00421370993942422,0,0.00587914745079798,0,0.00235877438354128,0.0374169068617227,0,0.030468083691868,0.000303270947377143,0.00111462236100532,0.487817664988718,2.94401824724495,0,0.000442202729554531,9.9296470008111e-05,0.637618630625458,0.0431485026157179,0.218728812470038,0,0,0.0836993316710982,0.0653916703941462,0,0.00327874675163031,0.249045272418746,0,0,0,0,0.00729933409069501,0,0.0044695355814394,0,0.0162977130899349,0.0483142796541757,0,0,0,0.0181253807567432,0.000722238988773448,0.0126788181672317,0,0.00036882131989804,0.0870442299462398,0,0,0,0,0.0142761096750221,0.0493279731457383,0.00981460651671739,0,0.000597567433465094,0.000229757525646818,0,0.000137159094894896,0.00844019725140424,0.0152967320588901,0.0244196935725559,0,0.0089364914716213,0,0,0.0211844518616362,0,0.123062306422394,0.000130935932392577,0.0598180270145363,0,0,0.0188194140670293,0,0,0.0148705652574713,0,0.114009513534419,0.00128587812502717,0.000973936635783169,0,0.00498696502349877,0.0198247922781183,0.121327135429416,0.0286256227283243,0,0.298166095352674,0,0.0417522362293349,0.000156434498676117,0.000302618868071187,0,0,0,0,0.00889426391441295,0,0,0.00176110546912583,0.0448163210087982,0,0.00050472350028067,0.116336549816366,0.00861108970881292,0,0.0036188875604857,0,0.232047664405712,0,0.000295812886944255,0,8.24559001665059e-05,0.000963299274754728,0,0.0557813594705412,0.201303405752828
