0,0.013574099369348,11.1995062767521,0,0,17.5395316920094,0.0544454445848526,0.222753536540488,0,0,0,0,0.000844871255213505,0,0.000213907763797446,0.543151369588803,0.0187629323343348,0.257360811126617,0.042395652764578,0.00160470235528191,0.0491658804938658,15.5052828495331,0.0488242124958969,0.268484681372044,0.474305596680281,3.97508710165545,0,0.0125032424603422,0,0.258330959200994,0.000544939740580843,1.70901773566019,0.0196000648770655,0.341118540728238,0.00173926469648661,0.0238220676630286,2.25458272228696,0.134723512498248,0,0.0187936471352629,0,0.103221495368663,1.2385344076194,0.00594910239079044,0.00538881161661979,0,0,0,0.468829475292075,0.000460367051834415,0,0.475955263259839,8.67562254183839e-05,0.000631586467709636,0.00907631252593573,0.352915669067954,0,0.743274066006918,0.709061311675702,0.00665033058031868,6.20190815388525,0.0302450120557054,0.0145397852383915,0.000452132660524063,0.10450553242621,0.337507334606967,0,0.0131753003533791,0.0170640419366309,0.000458662767065284,0.000455946398551232,0,9.02199957230753,0,0.000242405260358292,1.8193675366484,0.00058586966609308,0.0835285175956481,0,0.000618993892850688,0.332622598362246,0.00867593411183064,9.06006589832774e-05,0.00634521774297631,0,0.103862965531235,0.000466938623127174,0.27814329525866,0.0235813722460316,0,0.308347220033876,0.0216209367949047,0,0.000377158118395414,0.00295676700399417,0,0,0.000187161764982043,0,0.0021623397123031,0.00126821959138611,0.00034532084112221,0.00639559642698734,0,0.000395508883341958,0,0,0.00202523793299626,0.00124219503553333,0.000328626727693574,0.00180901719650498,0,0,0.00710755552936304,0,0,0,0.000363809537850281,0.00098375743884643,0,0.00291781411395473,0,0.000431221666512459,0.000592995260302338,0,0.00054169145314478,0,0,0.0023839701055492,0,0,0.0021424873402468,7.37256452584129e-05,0.000331040186964428,0.00726507432532598,0,0.000190833592000519,0.000618756488636539,0,0.000759156171790653,0.000801438681630335,0,0,0.00134861650310768,0.0011464557936773,0.00010220103849286,0.0235683627973971,0,0,0,0,0.000909313622195467,0.000833990406618993,0,0,0,0,0.000128661515733368,0,0,0.000227309542357886,0,0,0.000168785891730088,0.00118391458391846,0,0,0,0,0.000674072096836849,0.000385343190315243,0.00163537218444597,0,0.0100165735263671,0,0.00152421254584579,0,0,0,0,0.00232658846025882,0.000130039091116894,0.00210404775997321,0.000496853068579859
0.013574099369348,0,0.241800443560383,0,0,1.50332233270363,16.0377558093824,15.8320020085761,0,0,0,0,0.0213160391216326,0.000250954040398703,0.000296285967013052,0.105863485988914,30.7870115542307,0.161455044362047,0.00699752522589002,0.0334158091331137,0.0578726583921196,0.16300832557685,0.147076810269174,0.0741751166685468,0.33085164752491,10.2257504204808,0,0.0877840166015476,0,0.0499962726621392,24.4247071985393,1.15902230018562,0.309202853449992,0.977895418699389,0.00106273754382545,4.65464823821063,0.319412302785865,0.0858080553451476,0,0.0394013816178182,0.0634207248682833,0.279340786314967,0.0215854523093913,0.036843003984895,0.0119461796317704,0,0,0,0.0730457219328943,0.00330890993482513,0,0.114012089457743,0,0.794876042259679,0.110962572388341,0.749218137463389,0,1.06691010528034,0.0950903441919997,0.112632387904963,0.963415625624665,3.64295790699801,28.6920189605852,0.000451615578647327,0.355516618438521,0.0240442201698862,0,0.506546199355489,3.26091058908966,0.00227191171975979,0.0181708290247574,0,0.0841028503116184,0.000185156825072732,0.002515302648014,0.0184405845800145,3.6685342733563,0.153978212025919,0,0.00432066379898522,0.055606837319672,2.64069944527624,14.239922782842,0.00474817061226072,0.000267509812850321,0.551832066614231,0.0216917282915127,1.72622080756842,0.0335349136825722,0,0.471717309390101,0.0272664168938234,0,0.82152872334329,0.16734876340947,0.00381972491992755,0,0.143042922352839,0.0300132084945832,17.0607296078502,0.0377667497991251,0.334257917894007,0.00671238712436785,0.0109033209858739,1.18890271016689,0,0,0.336859641650801,0.0500499232916733,0.088374559939845,0.901608239715089,0,0.03939482463766,2.68381532330142,0,0,0.00727982580807953,0.000263270686153713,0.103242444282731,0,0.164759542847783,0,0.235360378591949,5.15365668263537,0.000650551986262949,0.150871973620418,0.0265615288616095,0,4.59364937415283,0,0,0.219534893373426,0.148051038186468,0.208591362239065,0.725595493993172,0.00224749619835786,0.157528340724902,0.0408730411929213,0.00104862279289505,0.0845297116939694,0.0742226296846263,0.190157973305404,0,0.0469962040790673,0.000952089054368279,0.00404968528501561,0.0235727836402122,3.58910527049223,0.00134235584982176,0.159031257247573,0.0403270632342673,0.0355045929499405,0.394975357430386,0.000290593655597384,0.00143088830373896,0,0,0.347150348741054,0.000183779958399608,0,0.00810489053415371,0,0,0.00340423329141509,0.000457823943314756,0,0,0.0181556897115005,0,0.00112315005558099,0.232939826902264,4.40195521086727,0,0.0669535854968196,0,1.52997971702199,0,0.00384551498420694,0,0.0743126634032531,0.092374798300575,0.512400138953898,23.6921404809957,0.291895509159867
11.1995062767521,0.241800443560383,0,0,0,5.17431870894307,0.498507815506044,0.53086118913823,0,0,0,0,0.017754529443492,0.00130819994307589,5.02604021631672e-05,0.468886813561947,0.515349685023153,0.689978835995604,0.179692654259816,0.0440258751472076,0.0402918578738149,1.72116477673276,0.0626269645360152,1.06609136125252,2.86306139167768,3.04230627331044,0,0.0167548626257633,0,0.467392077327321,0.00302221661056592,0.924697451935079,0.0565052355938291,0.578601048283192,0.000541334924840366,0.231866711158558,11.1452143575886,0.116392541874679,0,0.0167338649575725,0.00110500751233964,0.29300064576935,0.0660606508462107,0.189198513535592,0.185222457912941,0,0,0,9.59787103060583,0.000984524768774966,0,0.643917163312975,0.000177351856491009,0.0210714169061642,0.276243736915636,4.26293511319115,0,2.44516052470184,1.43286849584179,0.129292159096196,13.3424970204224,0.0398563078096881,0.0332851636333325,0.00838034137740112,0.266553261545065,0.524381235701602,0,0.0261740569347551,0.148079094182557,0.0109218737585642,0.000187091219476971,0,3.63858444352466,0.000608338312029126,0.00422307121224471,4.66352883433676,0.00164360391288326,0.231005594707378,0.000108902900007573,0.00512921429181877,0.233562185771051,0.114459591915101,0.00127538697890452,0.00813190585696627,4.65124259793883e-05,0.0745678449911881,0.00232843590685938,0.237551815958626,0.0374699543483818,0,1.92016818407794,0.0649740751186636,0,0.0151505184460786,0.0203778052085441,0.00038448462617033,0,0.000709680512736014,0,0.0623777006043555,0.000844766892235613,0.00248586543456105,0.0112113569213628,0,0.00461633905971701,0,0,0.0238689631094567,0.0042457170062019,0.00146015696884277,0.011701406743606,0,0.000143663904675351,0.0507698168282437,0,0,0,0.000139714720266059,0.00162313906852132,0,0.00666522481000588,0,0.000682377571600765,0.00446541903302483,0,0.000273090246992038,0.000165213248304969,0,0.0104769835381676,0,0,0.0101867391638299,7.70898995580034e-05,0.0021917496714159,0.00623803859396726,0,0.000533460542514314,0.00475087692914068,0.000347497690945386,0.000542765647934667,0.00489019664784159,0.000687488159758533,0,0.00545761138598676,0.00101034492142255,0.000572292939659646,0.0319231439757958,0.00220629316645136,0,0.00195609893314014,0.000238656541423402,0.00143715813525042,0.00573708512325521,0.000560285509475802,5.82480699123714e-05,0,0,0.00504344397400155,0,0,0.000434197735600446,0,0,0,0.00179546617296429,0,0,0.00172954412264587,0,0.000189503470504132,0.00285948166849466,0.0452765428802319,0,0.0101550973040505,0,0.00857400608051203,0,0,0,0.00802168457114639,0.00595538695114704,0.0037598510561448,0.0120576738667711,0.00349718117244851
0,0,0,0,0,0,0,0,0,0,0,0,0,0,0,0,0,0,0,0,0,0,0,0,0,0,0,0,0,0,0,0,0,0,0,0,0,0,0,0,0,0,0,0,0,0,0,0,0,0,0,0,0,0,0,0,0,0,0,0,0,0,0,0,0,0,0,0,0,0,0,0,0,0,0,0,0,0,0,0,0,0,0,0,0,0,0,0,0,0,0,0,0,0,0,0,0,0,0,0,0,0,0,0,0,0,0,0,0,0,0,0,0,0,0,0,0,0,0,0,0,0,0,0,0,0,0,0,0,0,0,0,0,0,0,0,0,0,0,0,0,0,0,0,0,0,0,0,0,0,0,0,0,0,0,0,0,0,0,0,0,0,0,0,0,0,0,0,0,0,0,0,0,0,0,0,0,0,0,0,0,0,0,0
0,0,0,0,0,0,0,0,0,0,0,0,0,0,0,0,0,0,0,0,0,0,0,0,0,0,0,0,0,0,0,0,0,0,0,0,0,0,0,0,0,0,0,0,0,0,0,0,0,0,0,0,0,0,0,0,0,0,0,0,0,0,0,0,0,0,0,0,0,0,0,0,0,0,0,0,0,0,0,0,0,0,0,0,0,0,0,0,0,0,0,0,0,0,0,0,0,0,0,0,0,0,0,0,0,0,0,0,0,0,0,0,0,0,0,0,0,0,0,0,0,0,0,0,0,0,0,0,0,0,0,0,0,0,0,0,0,0,0,0,0,0,0,0,0,0,0,0,0,0,0,0,0,0,0,0,0,0,0,0,0,0,0,0,0,0,0,0,0,0,0,0,0,0,0,0,0,0,0,0,0,0,0,0
17.5395316920094,1.50332233270363,5.17431870894307,0,0,0,0.625642320986921,2.71587924880623,0,0.00154983723402063,0,0,0.24221738404291,0.0214153300426444,0.000922830375600597,11.6278701211047,0.935705770973656,0.64366628210781,0.159036705132185,0.47530123437398,0.0633998237568254,13.4912468605692,0.772675128955935,0.339240105474243,4.03524993873743,4.20882563297518,0,0.0207422208507801,0.000293418548853269,0.251205836477143,0.700862926467431,5.34009275159921,0.0342301702541538,2.07739983330297,0.00172409580298155,3.24485977519216,2.83511044862816,0.154656783660451,0.00105283456424042,0.192338779442657,0.147496781087061,0.131605094092441,14.6103795268196,1.57146982135996,2.28191671059054,0,0,0,0.666343996200985,0.00876631609223874,0,7.06489727739423,0.000426992818956806,2.22261817548604,4.35783370818592,1.14381998797879,0,16.4310032002802,0.720616475970017,1.48583961123965,11.0839560469686,0.0321923262468887,2.28527404116489,2.33361295106911,2.58602855129664,0.282336917007852,0.0226484217147568,0.17695537960421,1.66918370148025,0.0656960093932257,0.481009463674417,0,4.55917690206569,0.00114009967213955,0.0377166383371028,8.95049549917829,0.00160535722573659,0.789973094007572,0,0.00717345563642365,2.82569535602962,15.3455368657013,0.000881935028521199,0.00964285865265779,0.00338333774372051,8.54298453037919,0.0177246579149646,4.74741728935351,0.028594264199389,0,1.96246712646504,0.169154043918419,0,0.0599492798981974,0.962588951603598,0.000757527271669114,0,0.0193743910900034,0.000659440100833979,0.434341309186345,0.00380457097517216,0.0389445147981414,0.00624750794282702,0.000743645601169546,0.107803569282406,0,0,0.0353185499037401,0.458163394112102,0.0211820205815657,0.158117892102753,0,0.00166591686269675,1.73343296588097,0,0,0.000809674611179319,0.000167672154057994,0.0227897634154576,0,0.0345899308472799,0,0.018997647839629,0.0105451267553239,0,0.0320185076741621,0.000581157664817228,0,0.33970485180835,0,0,0.00408714798156302,0.0302995948067757,0.0477990878543704,0.00893044066387969,0.00370556850553245,0.0180237845646091,0.51633549238194,0.000277794988676212,0.013320832139864,0.163800095529845,0.000264787985856934,0,0.261325570016727,0.00053059984334089,0.0267149204795305,0.0272181621170076,0.163699294895568,0.000566520405284428,0.0122656820225774,0.00235322873417005,0.332814823508807,0.214101185381469,0.000220224413313664,0.00833744187917762,0,0,0.0172758171351733,0,0,0.00207835920470707,0,0,0.00265466820678425,0.00203137436511106,0,0.000127979283076047,0.0526760436961995,0,0.000997490067720866,0.114990358664238,0.270699206758809,0,0.0128668324613168,0.000172324053215947,1.63862816966724,0,0,0,0.0174342502158195,0.0235123944450799,0.0230754740123492,0.179772590833908,0.0462459230755678
0.0544454445848526,16.0377558093824,0.498507815506044,0,0,0.625642320986921,0,1.11937285414446,0,0,0,0,0.000776596436679768,0,0.0506034409705032,0.0272807767063317,34.1905075826664,0.600028990104889,0.00401536678677055,0.00230288703362292,2.75469525463958,0.0892568404487305,1.5013389195874,12.3285283083205,0.224834820627651,36.0150329994126,0,22.6140932635191,0.0045098647593389,1.35292596797153,0.118015006621932,0.168030341359596,0.305102809840298,8.17857858411114,0.181704932745601,33.3927864800831,1.16584198552354,2.01739550439952,0.0124172745131267,0.317399226092428,0.00244295414012515,0.890179350896571,0.00453473107641577,0.00922143200426943,0.0748919270307645,0,0.0176938398776932,0,0.0622354800569693,0.0023155243016653,0,0.0159874759003725,0.103572160968267,0.0045878668214836,0.0143540120711582,3.96426725184357,0.00120732200240803,1.4682835982561,3.18740217209892,0.00799144406911575,7.01823043360509,5.68485795843454,0.14964575219597,0.0217347726648045,0.272647082452403,4.62352446823602,0,0.375617294389604,0.237500339546289,9.11645387393538e-05,0.00319329890030598,0,0.156362145181853,0.107181128971424,0.0218611027931463,0.0097787222573598,29.9954629070345,0.135797532618064,0.00952687505460341,0.265222440553762,0.00848501180791347,0.108686085640836,15.7953508567619,0.622293825773068,0,3.82190054286513,0.0316156541522345,13.0821544153187,2.83835555317203,0,0.783868081196579,0.0416116011351145,0,0.62239377927872,0.11136106341387,0.0727327448217157,0,0.0326051454713243,0.00755808912765101,1.91271471705561,0.0946174687171536,0.0705744442512631,0.125830072192704,0.00143899813764022,0.111466565400462,0,0,3.1033973829402,0.0206617330230742,0.0189740160627547,0.259818339569377,0,0.0101279768606122,0.882043532892122,0,0,0.00176773591216754,0.0330948575670548,0.14555008335255,0,0.116245139880174,0,0.0112154622416761,0.691201467119023,0,0.0406123242658625,0.00879770798274848,7.21930948792285e-05,0.133939982116807,0,0,0.0779132732221014,0.0390664996778069,0.0561864655162853,0.631249630730374,0.000311832221506977,0.0388582571729312,0.0205627517786671,0.0376983570731596,0.0686859998139741,0.0306621144035097,0.0303257655950714,0,0.0473567648342364,0.0933197724532648,0.00343405480597138,1.37290037781049,0.0178518311747984,0.0267289389501453,0.0304896015523393,0.00778783535857355,0.0292454800943814,0.0418121366902596,0.00610961378144197,0.000856733339075198,0.00546098824729849,0,0.348583339038408,0,0,0.113076175920883,0,0.000478695225668849,0.000390408176441831,0.0424468035678688,0,0,0.0154260714382242,0,0.0238515768480786,0.0355975810841568,1.09584299776735,0,0.245484640392402,0.000728563720439835,0.144909440530428,0,0.000393523191027213,0,0.628214396721726,0.0798853104400085,0.200525654676414,0.150845979995354,0.0825198804054078
0.222753536540488,15.8320020085761,0.53086118913823,0,0,2.71587924880623,1.11937285414446,0,0,0.0001841677288334,0,0,0.212410043108889,0.0321214384406991,0.0025426500386408,0.284523901254653,11.6662753877095,0.157166803506952,0.0187814775558378,0.427647222890007,0.0818198959972757,3.25679347743455,0.30738584791693,0.11640284278292,0.490204942026893,28.5504288849205,0,0.0349879059382119,0,0.0511316659976906,6.95720510029495,31.5493155533505,0.00888672882375964,1.48241726702514,0.00840786307659041,3.03282405274388,0.4596228004622,0.0906275515113504,0.0012499445632995,0.0663825076571875,0.34718081056643,0.0264964623283234,0.503948749329063,0.1899919757774,0.0339909884894469,0,0,0,0.141763762507507,0.000676963177789898,0,0.921944798132244,0.00651091159012232,0.491979457784537,1.36390539732571,1.15636694699237,0,1.34572503137385,0.0943046852819902,2.00610448014672,1.01580619895641,0.0159939197721825,12.113401681963,0.0120748581504856,0.434288697994892,0.0226159806337812,0.000459591111198464,0.0452528702281907,26.6881733349497,0.0195458243663279,0.0526207570021084,0,3.05007578527728,0.00332687224834441,0.0192223715384586,0.179306987260772,0.01159953674801,0.19996638721063,0.000776889694943689,0.0103253998490155,1.23883681711444,8.42526705023371,0.00330332957165976,0.0233983904395866,0.000608433685321045,1.23277268581714,0.00533149904823712,3.25275035692236,0.0960074766428401,0,0.660555706348157,0.0451453223639177,0,0.0399682420644994,1.49037233552895,0.000676621692351283,0,0.0445586125981113,0.000116463738565699,0.723273571220045,0.000891104143390143,0.0943040126716483,0.00342336460786259,0.000407846952707985,0.245023084412513,0,0,0.021290218335295,0.44243508570817,0.0429019911932614,0.368611862620292,0,0.00142661499662397,1.67166333984725,0,0,0.00149020624688233,0.000279960899111194,0.0295388581942723,0,0.0614502060390996,0,0.015514795704632,0.0163044994573536,0.000101530557233286,0.0702786418848595,0.00193262846161219,0,0.880764600292206,0,0,0.00196130397204348,0.0646899353953583,0.0667222206718569,0.00332845534908106,0.00419245388411163,0.0320039078434122,0.476169899280106,0.000975424481959074,0.0259736149406773,0.277380790659841,0.000790231588828484,0,0.33786033842416,0.00160241222910412,0.0516291285295688,0.0353456786263478,0.232047068139179,0,0.0227222630725567,0.00420831752506261,0.182361133453043,0.453114682037438,0,0.013134971562318,0,0,0.0119445691111714,0,0,0.000979885834728529,0,0,0.00987220199266426,0.000672918391734448,0,0,0.10932441451893,0,0.000312754553423288,0.305079864763454,0.33064340579499,0,0.0106671187033552,0.000692118462849913,0.827875368631098,0,0,0,0.00952198187009699,0.0157321101710754,0.0231981735498086,0.56947982553436,0.0607156660378246
0,0,0,0,0,0,0,0,0,0,0,0,0,0,0,0,0,0,0,0,0,0,0,0,0,0,0,0,0,0,0,0,0,0,0.0182306524673758,0,0,0,0,0,0,0,0,0,0,0,0,0,0,0,0,0,0.00022041931068098,0,0,0,0,0,0,0,0,0,0,0,0,0,0,0,0,0,0,0,0,0.107088234954861,0,0,0,0,0,0,0,0,0,0,0,0,0,0,0.000369758565272185,0,0,0,0,0,0,0,0,0,0,0,0,0,0,0,0,0,0,0,0,0,0,0,0,0,0,0,0,0,0,0,0,0,0,0,0,0,0,0,0,0,0,0,0,0,0,0,0,0,0,0,0,0,0,0,0.000942358103482217,0,0,0,0.000429136113575618,0,0,0,0,0,0,0,0,0,0,0,0,0,0,0,0,0,0,0,0,0,0,0,0,0,0,0,0,0,0,0,0,0,0,0
0,0,0,0,0,0.00154983723402063,0,0.0001841677288334,0,0,0,0,0,0,0,0.000965674914415298,0,0,0,0,0,0,0.000143119057066239,0,0.0517517154268119,0.000245530691921942,0,0,0,0,0,6.83120610179035e-05,0.000215323736983625,0.00290683522806833,0,0,0,0,0,0.00292904976248204,0,0,0,0,0,0,0,0,0,0,0,0,0,0,8.3745887131793e-05,0,0,0,0,5.21373571453487e-05,0,0,0.000715735969992918,0,0.524492414636797,0,0,0.000199753586950126,0.000117974926943458,0,11.3693559376965,0,0,0,0,0,0,7.92048170782621e-05,0,0,0.000112638652157416,0.000782936298438902,0,0,0,0.0160578510680171,0,0.000118725589942387,0,0,0,0,0,0,0,0,0,0,0,0,0,0,0,0,0,0,0,0,0,0,0,0,0,0,0,0,0,0,0,0,0,0,0,0,0,0,0,0,0,0,0,0,0,0,0,0,0,0,0,0,0,0,0,0,0,0,0,0,0,0,0,0,0,0,0,0,0,0,0,0,0,0,0,0,0,0,0,0,0,0,0,0,0,0,0,0,0,0,0,0,0,0,0,0
0,0,0,0,0,0,0,0,0,0,0,0,0,0,0,0,0,0,0,0,0,0,0,0,0,0,0,0,0,0,0,0,0,0,0,0,0,0,0,0,0,0,0,0,0,0,0,0,0,0,0,0,0,0,0,0,0,0,0,0,0,0,0,0,0,0,0,0,0,0,0,0,0,0,0,0,0,0,0,0,0,0,0,0,0,0,0,0,0,0,0,0,0,0,0,0,0,0,0,0,0,0,0,0,0,0,0,0,0,0,0,0,0,0,0,0,0,0,0,0,0,0,0,0,0,0,0,0,0,0,0,0,0,0,0,0,0,0,0,0,0,0,0,0,0,0,0,0,0,0,0,0,0,0,0,0,0,0,0,0,0,0,0,0,0,0,0,0,0,0,0,0,0,0,0,0,0,0,0,0,0,0,0,0
0,0,0,0,0,0,0,0,0,0,0,0,0,0,0,0,0,0,0,0,0,0,0,0,0,0,0,0,0,0,0,0,0,0,0,0,0,0,0,0,0,0,0,0,0,0,0,0,0,0,0,0,0,0,0,0,0,0,0,0,0,0,0,0,0,0,0,0,0,0,0,0,0,0,0,0,0,0,0,0,0,0,0,0,0,0,0,0,0,0,0,0,0,0,0,0,0,0,0,0,0,0,0,0,0,0,0,0,0,0,0,0,0,0,0,0,0,0,0,0,0,0,0,0,0,0,0,0,0,0,0,0,0,0,0,0,0,0,0,0,0,0,0,0,0,0,0,0,0,0,0,0,0,0,0,0,0,0,0,0,0,0,0,0,0,0,0,0,0,0,0,0,0,0,0,0,0,0,0,0,0,0,0,0
0.000844871255213505,0.0213160391216326,0.017754529443492,0,0,0.24221738404291,0.000776596436679768,0.212410043108889,0,0,0,0,0,0.0379310220173133,0,0.0148086945595341,0.00425052838815651,0.0250775328061567,0.00181301240102239,2.56005328796293,0.002910655005221,0.00422082102406306,0.0381785343053307,0.000270232382643741,0.0548580119940807,0.00416052343864754,0,0.000353154901994696,0,0.00440838664891097,0.0044939556071474,0.0692052200707559,0.000698364030277076,0.245499070702948,0,0.144156880486203,0.00014714378325292,0.00298991685948268,0,0.00908675927507196,0.0252735637361191,0.00183123594904804,0.0021787373577572,0.227200420990053,0.0031321026683104,0,0,0,0.0146784462173249,0.000423481723942527,0,0.808155291181168,0,0.00893656717013427,3.21241097308624,0.025539257471363,0,0.140746174017561,0.00900331990768152,0.885864797920805,0.00128060364920508,0.00034952944319204,0.688354901528324,0.00126664393079651,0.069412176010187,0.000227675600730448,0,0.00870936207819295,0.0172669955450222,0.0180198727479633,0.00121754400540688,0,0.00157885338086856,0.000275594511382181,0.00442931017953854,0.00498296968142711,0,0.0320123876129761,0,0.000159730776221248,0.00845256087717547,0.143632160977751,0,0.000905097863151023,0,0.0664547941560159,0.000582151198966911,0.225266027610769,0.000445444818974846,0,0.061207237304918,0.00639468739635546,0,9.25038957083971e-05,0.30406239267333,0,0,7.85604940839943e-05,0,0.0128117509301076,0,0.00374651689000855,0,0.000242852668639939,0.0094766092428711,0,0,0.00012799918707317,0.112403090360291,0.00196126163423664,0.0161520150847759,0,0,0.34571680123737,0,0,0,0.000280862753704574,0.000337242657797799,0,0.00128555286390895,0,0.00168189337493065,0,0,0.000399953400035008,0,0.000220443284177922,0.0631387315304286,0,0,0,7.35870382972772e-05,0.00381875638340484,0,0.000825752852322553,0.000564280652966144,0.126112542358922,0,0,0.0447118022483364,0,0,0.0645914122600264,0,0.0135023295182296,0.000689848730037014,0.0284739714456952,0,0.00106552445314817,0.000277615924820874,0.0601631180044489,0.0616052776363894,0,0.00326517286470138,0,0,7.45758370153172e-05,0,0,0,0,0,0.000881713659388963,0,0,0,0.0164323526140938,0,0,0.0325521520179845,0.00399802243657613,0,0.000202667088175386,0,0.261850902325254,0,0,0,0,0.000761982720235862,7.27841614300666e-05,0.0314119769489168,0.00389650462873886
0,0.000250954040398703,0.00130819994307589,0,0,0.0214153300426444,0,0.0321214384406991,0,0,0,0,0.0379310220173133,0,0,0.000347447298900449,0.00137270019446341,0.000414712481153625,5.87086546484719e-05,0.080991195688377,0.000386788575790654,6.80225405691216e-05,0.00268229019865587,0,0.00129489564856259,0.000658378872504383,0,0,0,0,0.0248914912390409,0.00890778981365008,0,0.00963422209688269,0,0.0161212518305801,0,7.61761637805614e-05,0,0.000593057249009745,0.673592538683048,0.000419002635853303,0.000306914249311447,0.00859216489355491,0,0,0,0,0.000957332829162117,0,0,0.0353927142094222,0,0.0927395641124263,1.64177804541452,0.0024747673697277,0,0.00714195593570332,9.87002906907364e-05,0.235788719347437,0,0,0.125603233672638,9.10703177792811e-05,0.00271129270858257,0,0,0.000592989126001844,0.00832344363014861,0.000496630360668785,0.000103330448426234,0,0.000259829413142371,0,0.000449202294645741,0.000239742082453961,0,0.00143151284670742,0,0,0.00152460062734475,0.0145316129262641,0,0,0,0.00466542412009412,0,0.0159014248399982,0,0,0.00441731404853306,0.000137718942606885,0,0.00020449287555371,1.23993484144772,0,0,0.00223804210829178,0,0.00353285374481098,0,0.0116237474072533,0,0,0.00112382597018016,0,0,0,2.37298031483663,0.00662203216584979,0.0231548926335526,0,0,0.103802997425535,0,0,0.000386788247636158,0,0.00141258639093262,0,0.00364096107595574,0,0.00908977599863589,0.000555050083916875,0,0.00894577314735882,0,0,0.0268251715589303,0,0,0.000300456679563654,0.00645171080347476,0.00960155514867434,0.000174751052975299,0,0.00253018739635842,0.293122800880539,0,0.00186446309086641,0.00916186549713999,0.000227871118970858,0,2.99143924683016,0,0.000846613221498131,0,0.0249984197958131,0,0.00301226478896844,0.000753371721898634,0.120044767409849,0.0117561372308386,0,0.000281363439466149,0,0,0,0,0,0,0,0,0.000326732985462548,0,0,0,0.0618997266396762,0,0,0.00504783938971227,0.00066815438969931,0,0.00109776813636979,0,0.0935399101369555,0,0,0,0,0.000793377170267239,0.000112878941029737,0.00767169773367113,0.0064895048051079
0.000213907763797446,0.000296285967013052,5.02604021631672e-05,0,0,0.000922830375600597,0.0506034409705032,0.0025426500386408,0,0,0,0,0,0,0,0.0107245571538436,0.00514380250988998,0.00765696684970269,0,0,1.18753985728277,4.75088244119475e-05,0.0148819408004369,0.0125783820813373,4.68545037696473e-05,0.0081854083285975,0,0.028168760001845,1.59527872336077,0.0143593804854199,0,0.00205859443102745,0.0021263892914935,0.00408314618002375,15.0633537350599,0.00585324095676154,0.000805244104305568,0.0602025336187589,1.89955688556667,0.53565938034133,0,0.0505818378821731,0,0.0218754279831317,0.554785792034516,0,0.147478157442082,0,0,0,0,0,1.5363406122549,0.0258499334207092,0,0.00347687757601461,0.0125515571737015,0.00185435961652691,0.00489254015412448,0.000617449683515523,0.007862379139403,0.00676616941394994,0.0159968871155944,4.48031169035995,0.00102333517518449,0.0371363835486056,0,0.00018885762829809,0.000862045320035164,0,0.00952869674254769,0.0526686754112635,0.000824735914493255,3.35528297561963,0.122831719820686,0,0.000211659684575106,0.000207533925318153,0.134216588053147,6.39826351700388,0.000144765749951918,0.727311183800793,0,1.63092130865631,0,0.910618666105092,0,0.0534736110786452,6.62528480111054,0,0.000645893359120928,5.75668457570202e-05,0,0.00204529310413723,0.000981867094325953,0.0281937827032874,0,0.0188979081508448,0,0.00785667858973485,0.0113067120259134,0,0.53720834084414,0,0.00246332026714091,0,0,0.132920726603437,0,0,0.00143384056303034,0,0,0.108082692949261,5.82328488364344e-05,0,0,0.956438018189598,0.138685127187771,0,0.0516795068596536,0,0.108901584717934,0.0161097037493635,0,0,0.000117862731423869,0.000282524929862069,9.80028232161097e-05,0,0,0.0435960014645881,0,0.0882429036793279,0.0537370777035569,0,0.000789636411367803,8.00737120852609e-05,1.33678467103966,0.0493327176289261,0.00158849136577167,0,0,0.19014844765094,4.78292678609361,0,0.233049089690041,0.011325447858632,0.878952609136912,0,0.00690792710783118,0.433800482852466,5.09668142894939e-05,0.264929871935288,0,0.171335686724331,0,0.00516297718820734,0,0,0.0540073250388189,0,0.131506292023943,0,0.477965284022296,0.0222791088961786,0,0.00465089437636483,0,0.377444566074447,0.00166458593293711,0.0204014781955505,0,2.05771336313556,0,0.0279765411704777,0,0,0,0.0255925903220542,0.0268374291775598,0.000791812252656572,0.000161388497422738,0.00101884168163152
0.543151369588803,0.105863485988914,0.468886813561947,0,0,11.6278701211047,0.0272807767063317,0.284523901254653,0,0.000965674914415298,0,0,0.0148086945595341,0.000347447298900449,0.0107245571538436,0,0.0500412587612652,0.0247338669035541,0.0507329617047772,0.0345961381579488,0.0175326059198702,1.82017226825791,0.0309083104545174,0.0200296039518657,5.4876326742486,0.427103927407292,0,0.00157430480709094,0.000306859133568642,0.0212965252436718,0.00910990435271453,1.40174296000044,0.00219254221307879,0.100298873140918,0.00593048198431408,0.103974092547696,0.0132035240255373,0.0170548837736284,0.00439816525108539,0.0193234373936784,0.00253792190791483,0.00935378907047301,2.07732890113978,0.616764571400827,1.26950292156119,0,0,0,0.997686927874941,0.00012138223434747,0,2.42180202574489,0.0305919459321415,0.122413797391462,0.614690403320394,0.0425247880311861,0,8.67826044802311,0.057109463406476,0.234735529999342,0.08694457982898,0.00393476746341759,0.065992770796697,3.41753902104137,0.749910066942553,0.0248442359473995,0.00350845580531929,0.00388376568660645,0.171296060804494,0.0187363248153024,0.387710096638443,0,0.231341289696685,0.00462260653365719,0.0149390989843832,11.0270063737162,0.000120882940193757,0.0683750938302557,0,4.47367436707652,0.780114206997281,5.46984901462324,0,0.253146457346102,0.00214601208664194,7.06832847391008,0.000410936604754352,0.0872633691154183,0.0031660189141392,0,0.150360135559376,0.0137371925795013,0,0.0026918838322189,0.0293726069080855,0,0,0.000817422870274277,0,0.0240456400402984,0,0.00205505048572175,0.00236684890550138,0,0.00688244599754858,0,0,0.000293686472929639,0.00590973381394469,0.000891015592610349,0.00801147530414437,0,0,0.0470054488978368,0,0,0,0.00179814641545392,0.00079996468937555,0,0.0022741334137297,0,0.000835277353113248,0.000870666266522199,0,0.00130262913669456,0.000443047692020943,0,0.0150803896406626,0,0,0.000177916410702669,0.000733832143595528,0.00162530552601652,0.000746684178452693,0,0.00083865072041071,0.00708819462153163,0.00212306066579753,0.000389045933393151,0.00494393981398178,0.000178912726196519,0,0.008620778578612,0.00750545726043893,0.00131880285061947,0.00236563508455481,0.00323078182355555,0.000276546556027342,0.000531902429382373,0,0.00443784986156557,0.00770995458848022,0.000402466352292325,0,0,0,0.000175808002663786,0,0,0.000272645700449502,0,0.000656091035723383,0,0.00102672017519151,0,0,0.00125471623527871,0,0.00144680453407569,0.00638771310783121,0.0126388412931687,0,0.00294699701340019,0,0.0244642789839218,0,0,0,0.000411025471755203,0.00086053185412198,0.00117799060136565,0.0108363542231105,0.00218640360697447
0.0187629323343348,30.7870115542307,0.515349685023153,0,0,0.935705770973656,34.1905075826664,11.6662753877095,0,0,0,0,0.00425052838815651,0.00137270019446341,0.00514380250988998,0.0500412587612652,0,0.174255664418105,0.00979516639661998,0.0067071763761418,0.420466219985575,0.135816784033499,0.80091247502432,0.603432416429897,0.276528211656344,30.1030675099538,0,1.21007717363799,0,0.425141504131045,2.32667918011905,0.541451362807819,0.0243613866338075,1.54808323532638,0.018727172975567,17.8417174207508,0.863059755591114,0.503722870144391,0.00147848699205109,0.1206048261948,0.360979905960845,0.104203686675787,0.00897811527369258,0.00868282167244258,0.0197548333402969,0,0.000683069933258746,0,0.073565437500231,0.00105490583537566,0,0.0279599345416346,0.0122059914987303,0.0840985890452976,0.030571493912373,2.3260315658997,0.00032445261530617,1.22709800236313,0.491634821652152,0.0238855917883646,2.83063924004739,0.234060530606215,1.03590432937373,0.00428229694509798,0.270378060888464,0.221677501388896,0,0.0351021258921099,6.51834034773465,0.000253115909147162,0.00388521469723108,0,0.131152452967329,0.0168626880147187,0.00368450115210018,0.0110714754521788,1.42874322175568,0.134923464974193,0.000736846193713822,0.0331480869662774,0.0263099124135019,0.222162155698384,2.179857157745,0.0808130845276858,0.000203496570492932,1.15628610805795,0.00571694291379401,3.15220823370749,0.347699539849514,0,0.674933323030937,0.022445650574033,0,0.66107803358539,0.275670604141721,0.0329758621730043,0,0.0640171674439979,0.000398136143939019,22.8682091059713,0.14722207106938,0.14354913294952,0.0224305318245838,0.00284616465534591,0.245226816075107,0,0,3.92311194117899,0.0532285927516183,0.0522712997908035,0.559817995771591,0,0.0155607125506389,1.78297014873048,0,0,0.00381786023946513,0.00563875573171402,0.2138467364411,0,0.117726880304751,0,0.0272031170842553,3.64649145167661,0,0.0945517492882362,0.011426305674005,0,0.497057746832415,0,0,0.0570518356715487,0.0991557433995442,0.102925981273215,0.654665989226846,0.000960911984665714,0.080947638887609,0.0454304451560694,0.00455521326515574,0.143137943591705,0.0591972354245979,0.0116908810964022,0,0.097905406641657,0.00989065898730813,0.00919753045226633,0.207469561618849,0.245470040233773,0.000448785277046851,0.0626741827276387,0.01289679311411,0.0306331436038227,0.128506131954279,0.000110202177141236,0.00273898445582054,0.000436237599995712,0,0.286650981490963,0.000469189534170328,0,0.0651689869952293,0,0.000100163582627966,0.00263171088792974,0.00951893904021222,0.000499686993486126,0.000245089168316303,0.0345950192283963,0,0.0107975828482914,0.0987996750134393,1.69158945325937,0,0.0763014343943301,0.000780473234354633,0.803164701602881,0,0,0,0.32601266918966,0.0511979210974336,0.264638885170164,6.42251259125432,0.144540842408742
0.257360811126617,0.161455044362047,0.689978835995604,0,0,0.64366628210781,0.600028990104889,0.157166803506952,0,0,0,0,0.0250775328061567,0.000414712481153625,0.00765696684970269,0.0247338669035541,0.174255664418105,0,0.0135655089376275,0.0602829526303735,1.76125088417732,0.275109516781001,8.22269675599283,0.596414640937469,0.447465379787987,1.09253776583505,0,0.112630837418983,0.000513329699821481,4.30219267499278,0.00681943800356131,0.34733647977333,1.13786976612212,13.5500172318488,0.0222659192249066,1.68954169124668,0.394081597457958,1.03838851344544,0.00129767783029869,0.974872235277641,0.000449566951129937,9.36553589818325,0.0276797584623332,0.191760005077873,0.279338906997867,0,0.00165946481473204,0,0.133083659068566,0.44648043751997,0,0.448803120591244,0.0243311671477812,0.0373503667313602,0.381306188854464,0.265723520083626,0.000600723653545271,0.414501998881414,16.548941833632,0.12441597822845,2.41641465493174,0.256346616980245,0.230466543861492,0.015389124543059,1.79673709823198,1.73841984645587,0,12.2819044005904,0.0702734889129316,0.0106486531287486,0.00243765070815907,0,0.477990960675028,0.0137123686966979,0.00659698856923081,0.0321362254926806,0.0121117859943132,17.9369648364786,0.00175537588934877,0.0169657031131808,0.105866112838397,0.217358812093194,0.00273185939435787,0.165478387422447,0.000259849847422049,0.0728994250804404,2.09288100017807,1.50369353994493,0.193184792903974,0,0.762418630447725,27.4695537920618,0,0.00460791288708913,0.0195977980248025,0.00134739280084282,0,0.0037904346742793,0.0140170737908654,0.0387963552852742,0.00769935747775016,0,0.00543349859889861,0,0.00770883669047109,0,0,0.0251623193996103,0.00651445554902862,9.03026551391187e-05,0.0137302175280387,0,0.000147230266051766,0.0588597467897631,0,0,0,0.0145064033697638,0.0346550365408982,0,0.0765899278042461,0,0.000580644074905544,0.00798572111733152,0,0,0.000150291376144999,0,0.0222737891095528,0,0,0.0920322570249078,0.000304606103412652,0.00131302913705898,0.0184787676416713,0,0.000971153549476329,0.0033239188217544,0.0154067838700564,0.0140971132589144,0.00221609754032533,0.037976737479853,0,0.0044248663946745,0.0233377871151034,0,0.124537412743629,0.00447866345580358,0.00707268307478535,0,0.000224466741576029,0.0056989522587746,0.00620439415559948,0.00151811473189149,0.000187636708207614,0.00272537156050301,0,0.00250912959657485,0,0,0.00351594832278752,0,0.000573407183849231,0,0.00925001518715271,0.000545049600721728,0,0.000156052409649183,0,0.0190029477909433,0.00643181583553982,0.0236474810182525,0,0.10516986115218,0,0.0245862835905523,0,0.00147230050153005,0,0.00279242825091382,0.127782253113132,0.00173645724069487,0.0145673310799539,0.00218845751757021
0.042395652764578,0.00699752522589002,0.179692654259816,0,0,0.159036705132185,0.00401536678677055,0.0187814775558378,0,0,0,0,0.00181301240102239,5.87086546484719e-05,0,0.0507329617047772,0.00979516639661998,0.0135655089376275,0,0.00504175745954488,0.000976860399001336,0.0483311684779031,0.00429949104304773,0.009036905950578,7.52143951158537,0.0484461393460836,0,0.000100456921908153,0,0.00359350371568219,0.00154663385562223,0.042844528361209,0.00063662636068188,0.044028331268828,0,0.0116680146070591,0.0196825386801335,0.000792707570404236,0,0.00226280191648526,0.000474909926733236,0.0030615332849602,0.0191748685304424,0.0414085971466952,0.0729268769516439,0,0,0,3.99814400261833,0.000132741483999731,0,0.0858361175828608,0,0.0191038626049114,0.0823938082520903,0.0234728050695719,0,2.08340036749075,0.014030830483892,0.0127636038088758,0.0811671522925139,0.000192536178835621,0.00292580988717747,0.00354375138292554,0.410733788470175,0.00423694674136069,0,0.00460493928708309,0.00875919076834219,0.00133571051828485,0.000265034768735056,0,0.0372141533714093,0,0.00112513635643355,0.0159767647480354,0,0.0229435512459601,0,0.0224484957908073,0.0169223626921753,0.101372475099316,0.000122194358613418,6.86506225610955e-05,0.000458563723365141,0.00469283808146739,0.000760826603966138,0.0200820583836992,7.94764157213568e-05,0,0.0749735876066371,0.00572762721294807,0,0.000659860858308897,0.00339968358652451,0.000234569458236314,0,0,8.15375061618481e-05,0.00353552295406559,0,0,9.20282137162626e-05,0,0.00101040891574887,0,0,0.000412484481602242,0.00179175084810921,0,0,0,0.000135009204580621,0.00375476785602433,0,0,0,0,0,0,0,0,0,7.69046897601839e-05,0,0,0,0,0.00244752363859252,0,0,0,0,0.000106350527850552,0,0,0,0.00125520842400831,0,0,0.000658890321244983,0,0,0.00158820452507962,0,0,0,0.000568698300462005,0,0,0,0.000294296670907974,0.000630066080946424,0,0.00010814378401214,0,0,9.21850745171787e-05,0,0,0,0,0,0,0,0,0,0,0,0,0.00073715789909545,0.00205261107432558,0,9.1331463178676e-05,0,0.000398018997319141,0,0,0,0.000118975294200133,0,0.000406983267469784,0.00102879331512581,0.000517028911716701
0.00160470235528191,0.0334158091331137,0.0440258751472076,0,0,0.47530123437398,0.00230288703362292,0.427647222890007,0,0,0,0,2.56005328796293,0.080991195688377,0,0.0345961381579488,0.0067071763761418,0.0602829526303735,0.00504175745954488,0,0.0100995838217077,0.00803827469448826,0.0583481983070293,0.000826334680390161,0.117211325653023,0.00792809323941557,0,0.000836661199126256,0,0.0115740478635511,0.0149366991037101,0.11376493246936,0.000834044569563919,0.397330363353774,6.54324501368985e-05,0.207519037874867,0.000339770194379235,0.00680875404837841,0,0.0132321320015718,0.0719293585129545,0.00503587668077833,0.00683005458163667,0.733788683462003,0.00498474435339072,0,0,0,0.0289056261582466,0.000884109219528586,0,0.626517256313694,0,0.0179943664691557,6.98379870877858,0.0467702694520847,0,0.263219229658544,0.01474446784621,3.84202764363635,0.00393656421553817,0.00108047707277277,1.09624784762293,0.00449114515904189,0.140677783451051,0.000170496415519996,0,0.0222295709142228,0.0639751661854909,0.0347086381233368,0.00363329381788645,0,0.00205248077780458,0,0.00517535284484203,0.0141172154937405,0,0.072244264745615,0,0.000146783412344446,0.0215388444615508,0.416482154875337,0,0.000245458310676014,5.12131636584267e-05,0.115182812224263,0.00044083828168188,0.365761906609726,0.00185933104670052,0,0.157477837752484,0.0129550221465326,0,0.00020097032095154,0.725708104638116,0,0,0,0,0.031116137404727,0,0.00669893841124946,0,0,0.0225808164895904,0,0,0,0.282328570998369,0.00307137652420716,0.0221983837165493,0,0,0.477406997824791,0,0,0,0,0.000673814181107561,0,0.00268261584712422,0,0.00387084145094439,0.000343439441555671,0,0.000303575691440499,0.000133241053832979,0,0.161781936020973,0,0.000154442343909154,0.000317800915587252,0.000255001004923166,0.0061407619401454,0.000299407552782948,0.00188930699748804,0.00205652865373638,0.368272508396584,0,0.000980218805181256,0.120764347533844,0,0,0.12586877121654,0,0.0187865315484196,0.000372591529497774,0.0718842337600668,0,0.00129049704930782,0.00041960216792043,0.104643301669828,0.147193821160633,0,0.00674766666924201,0,0,0.000405803270711878,0,0,0.000207821231300859,0,0,0.000941391117298697,0,0,0,0.0285764421794159,0,8.12411420426651e-05,0.0757992573290964,0.00866488478024155,0,0.000619607689829393,0,0.33392699538103,0,0,0,0.000103874725431031,0.000683754488766748,0.000242141411904575,0.0697212511078107,0.0088707867676932
