0,0.0976177160728907,1.05723745115786,0,0,5.28976706485262,0.119169983884083,0.994815750497292,0,0,0,0,0.0946791807899818,0.00196541396086365,0,0,0.0277576105070229,0.000474332299961378,0,0.213379979412288,0.0280127577960303,2.87522361829684,0.00577013184503626,0.0510738745599991,0.0011853350112985,0.310098296758621,0,0.16977117923853,0,0.0216295300005821,0.00183225449183642,4.83316826044987,0,0.0325509635286261,0,0.0562464219685422,1.80417296281519,0.245798866794902,0,0,0.0461216062518509,0.00389171906188108,0.106693704783685,0,0.000229893394959133,0,0,0,0,0,0,0.311058186825756,0,0.00172161478061613,0.526975454238125,0.17076359094275,0,0.0367906436942336,0.00665339240083769,0.608147809994387,0.170192421764999,0.00563122187687654,0.0163902931371953,0.000632202252336345,0,0.0345378123347863,0,4.15028344961151e-05,0.250204680640121,0,0,0,18.4813880394603,0,0,0,0.0907794921007934,0.00744847601984172,0,0,0.504337000103323,0.0228289751940753,0.01745141975614,0.0203032575812615,0,0,0,0.0117259142398996,0.0068870512569146,0,0.0204324450494469,0,0,0.00161465853406288,0.00270161438571622,7.1516523063963e-05,0,0,0,0.00573636982231066,0,0,0,0,0.00299980233844811,0,0,0.00604504936946881,0.00141669291600958,0,0.000112292564405811,0,0.000128466218850671,0.000257117580038828,0,0,0,0,0.000535323862702725,0,0,0,0,0,0,0,0.000398732965159868,0,0.00198384475189648,0,0,0,0,0,0.00448903950828699,0,0,0.0111632239604887,0,0.000380368665793954,0,0,0,0,0,0.0056097805954334,0.000678322081866906,0,0,0.000149450542912647,0,0,0.00937295156433755,0,0.00565741291736033,0,0.000979544961842463,0.00210446971353998,6.31735228441197e-05,0,0.00140806454534451,0,0,0,0,0,0,0,0,0.00575286954746795,0.00140280831792551,0.00722242998011499,0,0.00195774697264098,0,0.000991856303657803,0,0,0,0.000226585551677039,0,0.00123680134812866,0.00853119761176458,0
0.0976177160728907,0,0.154471188041813,0,0,0.107841751929348,17.4718078770264,12.7076226236482,0,0,0,0,0.0748096108247434,0.0795953708320276,0,0.00269392368910888,34.3556978495699,0.0153548219872401,0,1.15180385175393,0.276787471901442,0.0721837410920284,0.121957114121176,2.50696788083241,0.00273965386711729,51.3696434423027,0,4.32263338043299,0,0.843318646154429,7.05671223680449,1.07320941275716,0.00275028953143235,0.231935953080565,0,1.30696302849915,0.436153068033812,1.31564412769464,0,0.0203342436426753,2.82637349840893,0.0822163721305837,0.0070273003512646,0.0234010716339616,0.0224726278893013,0,0,0,0,0,0,0.0473314511657931,0.0244327625921909,0.266053156783189,2.12622413113439,0.866498912321723,0,0.0982499423127721,0.215918566137974,5.11683388209033,1.62005549578313,0.523015569642036,3.03720197608284,0.0312293181436972,0,0.231291656886869,0.00192674735081826,0.00426890201679325,9.97659261364865,0,0,0,0.255883938663844,0.00138843127390561,0.0133085404466302,0.00436473737527769,4.33990618317874,0.0905184099798804,0,0.000413906307194438,0.125015869145641,0.290323914190863,7.54248353766989,0.249090409521445,0,0.0711250691783132,0,0.51149850342463,0.0311429749831467,0,0.0848992957232148,0,0,0.0919832986834391,0.195302082185571,0.0317464165884642,0,0,0,0.807376670869621,0.00608947796327839,0.0118017947118545,0,0.00129318220355839,0.454743001517194,0,0,0.107830494204919,0.0844727061506873,0.00058047638196944,0.0130619446169402,0,0.0159249931814609,0.0570765612340041,0,0,0,0.00117384633590584,0.112698125341304,0,0,0,0.000147621069413402,0.237928409673067,0,0,0.0339301725216811,0.00559392917680463,0.225161628003281,0,0.00174519762888705,0.04109469226907,0,0.00128256769865782,0.201936848362546,0.000580746333716506,0.0123530624135242,1.25007292273397,0,0.0510626481093687,0.0126992591710396,0.00150154163524912,0,0.00744398089548882,0.0124739846552448,0.322094219352377,0.00392891690842565,0.00724217542221166,0.0115197370146483,0.0197802725270194,0.000172654586676091,0.053316702479975,1.1439172082064,0,0.471290314633272,0,0.0779832709143995,0.288092299738675,0.0141634817496683,0,0.125333866919461,0,0,0.000873751997471894,0,0,0,0.00115200105027085,0,0.250700749428843,0.179564070549873,0.3764993137127,0,0.163603534011662,0,0.644276894722035,0,0,0,0.0638207868510399,0.000796472790448087,0.10176141849796,3.57483569757419,0.0040908047334173
1.05723745115786,0.154471188041813,0,0,0,1.85547691203599,0.0703243584671114,0.643387143269003,0,0,0,0,0.180013401921027,0.00655356827573735,0,0,0.0395905745414362,0.0177466314095202,0,0.378394214061434,0.00956896277434131,0.19050524915745,0.0698331728212377,0.75697254330582,0.0424416203997993,0.368837474048187,0,0.139786057111489,0,0.542809986895553,0.0396107495633503,1.62122472330348,0.00270139556593291,1.55261383180927,0,0.0728731205417319,10.6921236656516,0.586218292781801,0,0.00082353617978118,0.259211632529398,0.0800906127537235,0.00179511623161074,0,0,0,0,0,0,0,0,0.110218045801773,0,0.0408109952128385,1.56055523583805,17.1380387091195,0,2.10086376541396,0.102384772738804,1.1476256548533,0.859576889074631,0.081070166468407,0.0242956133663795,0.000195060300223685,0,0.042481201031897,0.000565770806156028,0.00857854139201524,0.260564565515033,0,0,0,1.69862880226859,0,6.14414383490343e-05,0,0.0580773898378937,0.218796707513439,0,0,0.388503065348338,0.0495769331895461,0.0393671823508165,0.00599412754021429,0,0.00137032769274284,0,0.0118616211058397,0.00036676328013448,0,0.845439874954153,0,0,0.00220504857490022,0.00473511533605611,0.00379577508443006,0,0,0,0.00830194855116796,0,0.00160374573971147,0,0.000188204637275728,0.00833080738391382,0,0,0.00211979572294102,0.00181906176337063,0,0.00368528010816783,0,0.00190699858248794,0.000354771576075894,0,0,0,0,0.0253176116370011,0,0,0,0,0.000275169835823236,0,0,0.00147009336901435,0,0.00184249163017546,0,0,0.000970002888382349,0,4.11155425082948e-05,0.00473150609813062,0,0.00495427614037682,0.0142804471723374,0,0.011522626450207,0,0,0,6.95385009507423e-05,0,0.00578903891007845,0,0,0.000409255748113589,0.0010508799810855,0,0,0.0176799674233127,0,0.00712591769331625,0,0.00180747166841446,0.00888962784249201,4.18467699674473e-05,0,0.0267080827633962,0,0,0,0,0,0,0,0,0.00202196516908196,0.00558515659393535,0.0104774268796949,0,0.000805154801749534,0,0.000526406786022896,0,0,0,0.0005878889418763,0.000128216512902861,0.00835407005420823,0.00912637524042612,0
0,0,0,0,0,0,0,0,0,0,0,0,0,0,0,0,0,0,0,0,0,0,0,0,0,0,0,0,0,0,0,0,0,0,0,0,0,0,0,0,0,0,0,0,0,0,0,0,0,0,0,0,0,0,0,0,0,0,0,0,0,0,0,0,0,0,0,0,0,0,0,0,0,0,0,0,0,0,0,0,0,0,0,0,0,0,0,0,0,0,0,0,0,0,0,0,0,0,0,0,0,0,0,0,0,0,0,0,0,0,0,0,0,0,0,0,0,0,0,0,0,0,0,0,0,0,0,0,0,0,0,0,0,0,0,0,0,0,0,0,0,0,0,0,0,0,0,0,0,0,0,0,0,0,0,0,0,0,0,0,0,0,0,0,0,0,0,0,0,0,0,0,0,0,0,0,0,0,0,0,0,0,0,0
0,0,0,0,0,0,0,0,0,0,0,0,0,0,0,0,0,0,0,0,0,0,0,0,0,0,0,0,0,0,0,0,0,0,0,0,0,0,0,0,0,0,0,0,0,0,0,0,0,0,0,0,0,0,0,0,0,0,0,0,0,0,0,0,0,0,0,0,0,0,0,0,0,0,0,0,0,0,0,0,0,0,0,0,0,0,0,0,0,0,0,0,0,0,0,0,0,0,0,0,0,0,0,0,0,0,0,0,0,0,0,0,0,0,0,0,0,0,0,0,0,0,0,0,0,0,0,0,0,0,0,0,0,0,0,0,0,0,0,0,0,0,0,0,0,0,0,0,0,0,0,0,0,0,0,0,0,0,0,0,0,0,0,0,0,0,0,0,0,0,0,0,0,0,0,0,0,0,0,0,0,0,0,0
5.28976706485262,0.107841751929348,1.85547691203599,0,0,0,0.0291472463518814,1.0567615094828,0,0,0,0,0.905573655550999,0.00350180157114437,0,6.51049473164921,0.0133663141297309,0.00162114713198568,0,0.234778132717617,0.214862251123846,0.231520790875587,0.016687289432366,1.81290872382517,0.0180603631915593,0.0763740000401718,0,0.0568960233529672,0,0.0672536055220158,0.224855600468046,2.57228625260629,0.000311092274080134,0.408010353104208,0,0.0326368283715308,1.68375506420467,0.1104779777125,0,0.000202807033595168,0.330260996270537,0.00385467673395181,2.25550916390751,0.765221188523043,3.55843513230346,0,0,0,0,0,0,6.54969949906747,0.0370634991111424,4.30304108469461,1.96669709106245,2.47060896658377,0.000482439732719595,4.34190262381648,0.0118855859704385,1.18352779052117,0.425169070546337,0.0135054337483399,1.19088111662883,1.76782593681355,0,0.00625650216879369,0.00515242405818889,0.00049606215623876,0.309952511307369,0.0035880337454567,0,0,7.37417781560175,0.00472164456702313,0.216469116943441,0.263498918424143,0.0238920206012753,0.0567664391035099,0,0,1.29313200818642,32.3027701134795,0.00653185478797093,0.0391138209289346,0,0.119492015758808,0,1.18664916717283,0.000804474086273091,0,0.046970110215999,0,0,0.000747705719015882,0.00161591519413894,0.00217060359616579,0,7.50522284535824e-05,0,0.00129717038307668,0.00020072844206225,0,0,0,0.00507310844256272,0,0,0.00502366082215454,0.0174850492300075,5.81704418997492e-05,0.000867445983947385,0,0.000612059093687263,0.473820721747124,0,0,0,0.0136076269686295,0.0105802668029713,0,0,0,0.00473766892291591,0.00875113870155877,0,0,0.000509356774901428,0.120430836305553,0.000836360895599754,0,0.0261368955120021,0.0049212663991164,0,3.17180118799242e-05,0.00769935086338838,0,0.00113576297330588,0.00873284175040944,0.000418362294198569,0.00817741204372342,0.0852299903265218,0,0,0.080633357742036,0.401413054447122,0.0016379627419551,0.000355467127908616,0.0948783380306599,0.117575564222924,0.000718988920763667,0,0.171871857029804,0.00596361910271385,0,0.00334175647647794,0,0.000806743358265842,0.00196247254190656,0.000297199789537498,0,0.0196497949049566,0,0,0.00384570928039241,0,0,0,0.0102727872178932,0,0.0582872336124966,0.00150049160531497,0.00471529802576571,0,0.316560555882114,0,0.0280725431942121,0,0,0,0.00600276063884356,0,0.00361680683908647,0.0068502989306192,0.279272555686526
0.119169983884083,17.4718078770264,0.0703243584671114,0,0,0.0291472463518814,0,0.756285433656736,0,0,0,0,0.0147033041740422,0.0180891187425441,0,0.0116861292482566,3.5458351969863,0.0102028715517531,0,0.122216469838231,3.35157743888289,0.207641703344163,0.339916417216271,2.94079323330147,0.00137541778641259,3.02491795094523,0,24.4871249296653,0,0.375207874370835,0.0172664895727965,0.744966268891633,0.000891182575764792,0.0825645804339197,0,6.54756228809138,0.238460885503427,3.3092701118126,0,0.00191066305876941,0.135886078471901,0.07852391998613,0.049295786695661,0.162702752552704,0.115947186645319,0,0,0,0,0,0,0.0232032349146626,0.128402014173334,0.128083747272199,0.201732962670181,0.358652385397165,0.000417286979570185,0.0172431813690685,0.105202535137619,0.315380858804362,4.68412153310136,0.517007968782619,7.36224861787536,0.326028055445228,0,1.11030455023304,0.0145034068192936,0.0020046674336258,0.436948530312435,0.00139681054800665,0,0,0.395703307801943,0.00590438307844399,0.0896288458823456,0.069421395582851,12.4236235724579,0.0576511870824694,0,0.000540815617240675,0.0447712933125052,1.29237971350675,31.5578867951938,3.95700214803227,0,0.00322276563921743,0,1.50005728277579,0.6475749538631,0,0.0358065222345568,0,0,0.0503473578443511,0.0823167832684968,0.0300111332868929,0,0.000190353977444029,0,0.21762991307485,0.00469018331860262,0.00505753974180805,0,0.000653445573809729,0.206898575350263,0,0,0.680304509444552,0.0882245813712993,0,0.0151704960553106,0,0.0157896909999333,0.0962162534127543,0,0,0,0.00614564394339993,0.0602921569847209,0,0,0,0,0.0625371435939358,0,0,0.0239277764473947,0.0165346062265145,0.0919446948894834,0,0.0102845233464457,0.0102640404068252,0,0.00155407292345772,0.132833987810704,0.000189379637223408,0.00407802436372673,0.622800921051748,0,0.015967890788293,0.0741149421723414,0.000324359558276126,0,0.0906243290405885,0.138773823005711,0.113013065704266,0.0445325039552908,0.0568783693554554,0.114092405425434,0.0104592471683627,7.69964364078154e-05,0.158792297264921,0.25857865207452,0,0.149315833766583,0,0.0177329301631158,0.104335766208902,0.0108564147778982,0,0.0521009785943992,0,0,0.0018539880067673,0,0,0,0.0214308090737255,0,0.81005440111944,0.052356097328032,0.670196129678431,0,0.385393214539562,0,0.24903814175667,0,0,0,0.0222069141032313,0.000173252200566965,0.0398976595989114,1.5050890897757,0.009436549471556
0.994815750497292,12.7076226236482,0.643387143269003,0,0,1.0567615094828,0.756285433656736,0,0,0,0,0,0.50537348386381,0.0923851258731431,0,0.000454731898527572,5.25832832043166,0.0211607930933291,0,1.6307725318372,0.0932397802972758,2.04883555946327,0.118108391383048,1.83506632426865,0.0111948834688841,7.55129655101624,0,1.1327661284386,0,0.968617668154277,4.90508047893877,14.5677088338655,0.00138237758436131,0.836855844590492,0,0.41809513946328,1.45579299985412,0.891367522996237,0,0.0430336246724053,6.10249676633287,0.0761752572998252,0.0302837332644249,0.00214992905279233,0.00125203745009658,0,0,0,0,0,0,0.622608471804417,0.00123728998319082,0.615729001069715,7.22343150520771,1.80848460188899,0,0.543708913123038,0.201185425569021,8.43762934229147,1.44222074517571,0.0759476817485088,1.44999997414605,0.00744258673122028,0,0.205809070225212,0,0.00419081200871513,47.1652827980606,0,0,0,2.10813476339637,0,0.000486545783433354,0.00330117746934209,0.380640225710418,0.172923186467006,0,0.00034842598104803,0.877330840173823,3.21130582679543,0.706746363233387,0.0991995965642857,0,0.170293135511879,0,0.591535521852215,0.0233449298737766,0,0.198223878729196,0,0,0.0295149815674722,0.128599749425875,0.0137872203254923,0,0,0,0.103903772036843,0.00171176532019521,0.00502767667998275,0,0.000237967854980385,0.178484560510948,0,0,0.0193570665107267,0.0602315694212002,0,0.0143642910325125,0,0.00661133635626813,0.0320325801901245,0,0,0,0,0.0330575925989177,0,0,0,0,0.00444772061068373,0,0,0.0122697422475092,0,0.0906746793912372,0,0,0.00182182069696965,0,0.000374897148505571,0.0163591898524674,0.00019467659084248,0.00605500667235381,0.595089306154018,0,0.0153551965362429,0.0037637489339121,0,0,0.000104690118630356,0.00147429183171552,0.184718200191814,0.00150220847829332,0,0.00218557048885084,0.00943891601813997,0,0.00522192302198138,0.381478994759746,0,0.244319498878486,0,0.0316872972985068,0.123742404763746,0.00308854276313755,0,0.0373938650978348,0,0,0,0,0,0,0.000152300150424153,0,0.0311752057659469,0.0744243040358859,0.344541212225127,0,0.00625674772571849,0,0.00891066532720618,0,0,0,0.0131139537282265,0.000534548387659242,0.0378794710451098,0.875663429397158,0.000776081787421362
0,0,0,0,0,0,0,0,0,0,0,0,0,0,0,0,0,0,0,0,0,0,0,0,0,0,0,0,0,0,0,0,0,0,0,0,0,0,0,0,0,0,0,0,0,0,0,0,0,0,0,0,0,0,0,0,0,0,0,0,0,0,0,0,0,0,0,0,0,0,0,0,0,0,0,0,0,0,0,0,0,0,0,0,0,0,0,0,0,0,0,0,0,0,0,0,0,0,0,0,0,0,0,0,0,0,0,0,0,0,0,0,0,0,0,0,0,0,0,0,0,0,0,0,0,0,0,0,0,0,0,0,0,0,0,0,0,0,0,0,0,0,0,0,0,0,0,0,0,0,0,0,0,0,0,0,0,0,0,0,0,0,0,0,0,0,0,0,0,0,0,0,0,0,0,0,0,0,0,0,0,0,0,0
0,0,0,0,0,0,0,0,0,0,0,0,0,0,0,0,0,0,0,0,0,0,0,0,0,0,0,0,0,0,0,0,0,0,0,0,0,0,0,0,0,0,0,0,0,0,0,0,0,0,0,0,0,0,0,0,0,0,0,0,0,0,0,0,0,0,0,0,0,0,0,0,0,0,0,0,0,0,0,0,0,0,0,0,0,0,0,0,0,0,0,0,0,0,0,0,0,0,0,0,0,0,0,0,0,0,0,0,0,0,0,0,0,0,0,0,0,0,0,0,0,0,0,0,0,0,0,0,0,0,0,0,0,0,0,0,0,0,0,0,0,0,0,0,0,0,0,0,0,0,0,0,0,0,0,0,0,0,0,0,0,0,0,0,0,0,0,0,0,0,0,0,0,0,0,0,0,0,0,0,0,0,0,0
0,0,0,0,0,0,0,0,0,0,0,0,0,0,0,0,0,0,0,0,0,0,0,0,0,0,0,0,0,0,0,0,0,0,0,0,0,0,0,0,0,0,0,0,0,0,0,0,0,0,0,0,0,0,0,0,0,0,0,0,0,0,0,0,0,0,0,0,0,0,0,0,0,0,0,0,0,0,0,0,0,0,0,0,0,0,0,0,0,0,0,0,0,0,0,0,0,0,0,0,0,0,0,0,0,0,0,0,0,0,0,0,0,0,0,0,0,0,0,0,0,0,0,0,0,0,0,0,0,0,0,0,0,0,0,0,0,0,0,0,0,0,0,0,0,0,0,0,0,0,0,0,0,0,0,0,0,0,0,0,0,0,0,0,0,0,0,0,0,0,0,0,0,0,0,0,0,0,0,0,0,0,0,0
0,0,0,0,0,0,0,0,0,0,0,0,0,0,0,0,0,0,0,0,0,0,0,0,0,0,0,0,0,0,0,0,0,0,0,0,0,0,0,0,0,0,0,0,0,0,0,0,0,0,0,0,0,0,0,0,0,0,0,0,0,0,0,0,0,0,0,0,0,0,0,0,0,0,0,0,0,0,0,0,0,0,0,0,0,0,0,0,0,0,0,0,0,0,0,0,0,0,0,0,0,0,0,0,0,0,0,0,0,0,0,0,0,0,0,0,0,0,0,0,0,0,0,0,0,0,0,0,0,0,0,0,0,0,0,0,0,0,0,0,0,0,0,0,0,0,0,0,0,0,0,0,0,0,0,0,0,0,0,0,0,0,0,0,0,0,0,0,0,0,0,0,0,0,0,0,0,0,0,0,0,0,0,0
0.0946791807899818,0.0748096108247434,0.180013401921027,0,0,0.905573655550999,0.0147033041740422,0.50537348386381,0,0,0,0,0,0.00233488352828645,0,0,0.00562501848853928,0.00328862225674998,0,0.453165498072052,0.00101269959242213,0.0271681766431248,0.0107136037871563,0.175703310764485,0.00177703945941664,0.0416988839214869,0,0.0595285633739998,0,0.14876891177466,0.0315363546217525,2.10735220803645,0,0.0712380151995318,0,0.0117050830495857,0.135896419659246,0.0752941206519362,0,0.000120051453787986,0.0674620144177355,0.0123683220282436,0.0266383224873678,0,0.000118608867841249,0,0,0,0,0,0,4.70262224519949,0.000120698776858944,0.0207359895980818,0.293767851560128,0.326902578190544,0,0.0844131323778665,0.0335581569431027,4.76102405731432,0.0689816439713057,0.0126547427918147,0.01136799585076,0.000109219149096309,0,0.00441917277147512,0,0.00116261900195006,0.58149575132199,0,0,0,0.184266443387046,0,0,0,0.00480351375870786,0.0307475786276215,0,0,2.50209861364932,0.605732598375813,0.00344045213615938,0.000422281483987213,0,0.000183296659476471,0,0.00385319621142529,0.000101750865904106,0,0.0482054176766061,0,0,0,0.000322006163742408,0.000710440559075778,0,0,0,0.000449736386154699,0,0.000171130147140445,0,0,0.00210264351948616,0,0,0,0.000993808317627078,0,0.00017620063910783,0,0.000269121678252984,0.000454669845474306,0,0,0,0,0.00250409364098163,0,0,0,0,0,0,0,0,0,0.00107448929714218,0,0,0.000312625999243412,0,0,0.000210938000995615,0,0.000279234154101193,0.00608948532094483,0,0.00149559855025094,0,0,0,0,0,0.00215437853852847,0,0,0,0.000179247229242724,0,0,0.00213860168857815,0,0.00137585342285269,0,0,0.00200852958429526,0.000324280189450861,0,0.00286805864559102,0,0,0,0,0,0,0,0,0.000118983838959022,0.000623376028628612,0.00180960881233897,0,7.79473672084391e-05,0,0.000124043817976371,0,0,0,0,0,0.00105539247370718,0.0068778883284412,0
0.00196541396086365,0.0795953708320276,0.00655356827573735,0,0,0.00350180157114437,0.0180891187425441,0.0923851258731431,0,0,0,0,0.00233488352828645,0,0,0,0.0185510074917022,0,0,0.605963909485023,0,0,0.00312201199492517,0.0171538745469428,0,0.118618082065956,0,0.0162710529604145,0,0.00919539300862929,0.00751911755235083,0.00663031730411171,0,0.00183201933706566,0,0.00371435878269033,0.00868866958897431,0.0134050070298417,0,5.95543321600138e-05,2.05228172151763,0.00150975233257697,0,0,0,0,0,0,0,0,0,0.00141060278547769,0,0.00407651460163328,0.650641789591144,0.015630394371238,0,0.000458510451936851,0.00158266574654589,0.76620805161806,0.0146629431158644,0.000841841509943505,0.000870170304476375,0,0,0.000417346261728962,0,0,0.0766297872330241,0,0,0,0.00371387478216465,0,0,0,0.0125546586826665,0.000996546714766498,0,0,0.00110084393567053,0.00114575517128736,0.0102212746469012,4.29969055409981e-05,0,0.00013829616353234,0,0.00224386764779751,0,0,0.00229328260382111,0,0,0.10476028504624,11.1444855396077,0.029048625913438,0,0.00134174415856389,0.000379888578982074,0.0704435531837037,0.0141722457423872,0.0448046357855655,0,0.00127004363317464,0.939678417625238,0,0,0.0245434637090404,0.568346182195614,0.00152667087851695,0.039367821323093,0,0.0804778533907348,0.124482594264872,0,0,0,0,0.0314765714061709,0,0,0,0,0.0259868485524408,0,0,0.314949132987928,0,0.330594952556749,0,0,0.0110447094377497,0,0.0292328516532003,0.0307529389236202,0.00051382823555092,0.0358543545789715,3.15185589882889,0,0.0378890238757646,0,0.00379767553743775,0,0.000203971439739136,0,2.457021540633,0,0.00069788258897702,0,0.152898380594084,0.000559499865702508,0.0247769145083622,0.131755177185119,0,0.0718194226794954,0,0.0057222544086792,0.369697479725791,0.000715369228627142,0,0.0530525578605836,0,0,0,0,0,0,0.000888296080780489,0,0.000614652471206663,0.117024608804884,0.088037677105123,0,0.000516589667114067,0,0.0170195075927382,0,0,0,0.0157907819754419,0.00242598505240454,0.237823437649786,0.491250421152872,0.0247559473777826
0,0,0,0,0,0,0,0,0,0,0,0,0,0,0,0,0,0,0,0,0,0,0,0,0,0,0,0,0,0,0,0,0,0,0,0,0,0,0,0,0,0,0,0,0,0,0,0,0,0,0,0,0,0,0,0,0,0,0,0,0,0,0,0,0,0,0,0,0,0,0,0,0,0,0,0,0,0,0,0,0,0,0,0,0,0,0,0,0,0,0,0,0,0,0,0,0,0,0,0,0,0,0,0,0,0,0,0,0,0,0,0,0,0,0,0,0,0,0,0,0,0,0,0,0,0,0,0,0,0,0,0,0,0,0,0,0,0,0,0,0,0,0,0,0,0,0,0,0,0,0,0,0,0,0,0,0,0,0,0,0,0,0,0,0,0,0,0,0,0,0,0,0,0,0,0,0,0,0,0,0,0,0,0
0,0.00269392368910888,0,0,0,6.51049473164921,0.0116861292482566,0.000454731898527572,0,0,0,0,0,0,0,0,0,0,0,0.000211051301142807,0.194719725051851,0,0.000583142441806286,0.00111954723976093,0,0.000402797582951628,0,0.0111175769502869,0,0,0.0831083497317809,0,0,8.09381667853234e-05,0,0.0135185401682112,0,0.00940271706151968,0,0,0,0.000623148831739464,0.129806218787749,0.530605983675959,0.610758097992651,0,0,0,0,0,0,0.0286841891752086,0.051046915193869,1.22072737244766,0.0655721744739642,0,0,0,0.000152695089445381,0.000793334772049915,0,0.00918566439538594,0.711981424404504,1.49667889169808,0,0,0.00681583307119876,0,0,0.000588773383895123,0,0,0,0.010867780065419,0.0963390355262064,1.52076359101525,0.00820858801451062,0.000268809041219035,0,0,0,3.38014607479901,0,0.269740539938305,0,0.0772920361821191,0,0.665672481095441,0.000820266974836573,0,0,0,0,0,0.000125185340059612,0.000209739005255501,0,0,0,0,0,0,0,0,0.00055784803413722,0,0,0.0122357820626598,0.0256387560390469,0,0.000441572744715991,0,0.000604554032772257,0.675279375921281,0,0,0,0.0371681608630554,0.00933451707949463,0,0,0,0.00806761285972222,0.00911946910384102,0,0,0,0.225957684888297,0,0,0.0385874098963858,0.00650206729903024,0,0.000131853182300358,0.0105988868831434,0,0.000682786255531673,0,0.000166653201223361,0.0126244313057392,0.144754684030329,6.73872911334983e-05,0,0.115796212723246,0.814098985498025,0,0.000951379122666644,0.107741976648871,0.256356428859721,0,0,0.302077557733696,0.000117524436792674,0,0,0,0,0.000185962507400892,0.000562000717785525,0,0.0287918773266803,0,0,0.00536605739176424,0,0,0,0.0148018831621553,0,0.0857001927558768,0,0.000918497261729451,0,0.449372074474707,0,0.0477242697448947,0,0,0,0.00630459243639456,0,0.00268796049160125,0.000375997001128224,0.486005149296638
0.0277576105070229,34.3556978495699,0.0395905745414362,0,0,0.0133663141297309,3.5458351969863,5.25832832043166,0,0,0,0,0.00562501848853928,0.0185510074917022,0,0,0,0.00386287070251517,0,0.0471989722158414,0.0409546183972096,0.0149770718683175,0.0431374293362452,0.500408628604543,0.000583984506532207,7.42866440331768,0,0.445904498241503,0,0.15900085968501,11.5940380570994,0.166277289785635,0.00915891921951656,0.0509258829886807,0,0.303931059255378,0.315220812386304,0.482860302470831,0,0.00573962630587987,0.0758871758453391,0.0301683186261249,0.000698925592699871,0.00262404776882754,0.00150787267149126,0,0,0,0,0,0,0.0110066500535968,0.00171149417626595,0.00102539624811282,0.085840927407369,0.243444913875216,0,0.0197271577567566,0.0352105914821034,0.187145014483098,1.00665203015347,0.0978597686581856,0.0845200289812876,0.0015822420631212,0,0.146246299149502,0.000247329566336937,0.0041807060333571,23.8414657928119,0,0,0,0.132290714762231,0,0,0.000494086366654959,0.519410646130313,0.0197990738221491,0,0,0.0121741352139847,0.0180921858064465,26.3386739349301,0.0376649296488378,0,0.0219578036638689,0,0.200833810159914,0.00916021005737072,0,0.0138019658024924,0,0,0.070000587151008,0.0897521251298309,0.025802625482617,0,0.000536920009173533,0.00139105359909653,1.04097823181559,0.0063155787102081,0.0119220641771498,0,0.00035380534702166,0.214524468017929,0,0,0.304504470604665,0.0285864642021154,0.000450742782015985,0.00431982570115811,0,0.016593791722921,0.0209630041538804,0,0,0,0,0.0236698115475843,0,0,0,0,0.0127662793807355,0,0,0.0196692991069533,0,0.0374190161418135,0,0,0.0122241457418466,0,0.00115372626666365,0.076409776748198,0.000255740022510725,0.0087366196091501,0.322620327309502,0,0.0103785621846612,0,0.00755592470597279,0,0,0.00196913376754889,0.141877131456273,0.00090375707192496,0,0.00231376944985681,0.0193887399393803,0,0.00229149707794966,0.414082713795108,0,0.168678165656196,0,0.0319256541840299,0.215299155912226,0.00918356174852714,0,0.0378112134117649,0,0,4.53813876368425e-05,0,0,0,0.00076195912750516,0,0.00894225383986071,0.0762019321596991,0.317114835037794,0,0.00265710729566642,0,0.00670775067886133,0,0,0,0.0316950434169477,0.00175733444525236,0.0651858407150545,0.30460785501372,0.000318550092245129
0.000474332299961378,0.0153548219872401,0.0177466314095202,0,0,0.00162114713198568,0.0102028715517531,0.0211607930933291,0,0,0,0,0.00328862225674998,0,0,0,0.00386287070251517,0,0,0.0105489949051109,0.00362406192377919,0.00107897769489735,0.0732258105312246,0.706198203840501,0.0014358532112418,0.0133424460472772,0,0.0247463092298135,0,0.382744284870113,0.00116706369336508,0.029177007592825,0.0436822953859026,1.89038731487707,0,0.128404091705203,0.0192791576531671,0.773934425946146,0,0.00374498477695101,0.00914535794777544,17.0419546047821,0,0,0,0,0,0,0,0,0,0.00208406414840359,0,0.000868910813656499,0.0404804242616308,0.131015381216653,0,0.019441533916683,5.60741557623983,0.0276291917361974,0.0174447589869756,0.560064773013626,0.00726613265461142,0.000905668440271225,0,0.0506754049088626,0,0.183238998523491,0.00881079428652336,0,0,0,0.00417831173700621,0,0.000282661448808284,0.000359095497534372,0.0386595077851847,1.95579074037844,0,0,0.00648171390832334,0.00271239776263229,0.0189257819560833,0.00269956097998848,0,0.00671400086744268,0,0.00715440666942982,0.00053415154750089,0,0.0448317098314649,0,0,0,0,0.00131919946799699,0,0,0.000667307509789936,0.00174735739753368,0.000296976050599251,0.000956289823069322,0,0,0.000217497075978422,0,0,0.000141794800501825,0,0,0.00112004535920409,0,0.000615144611366764,0,0,0,0,0,0.00585527925261887,0,0,0,0,0,0,0,0,0,0,0,0,0.00545936583365481,0,0,0.00778735854666142,0,0.00164105045278075,0,0,0.00304519260479392,0,0.00261547020974266,0,0.000305866149501507,0.000269106652065346,0,4.59220151638922e-05,0,0.000256639290398035,0.000324053413869064,0,0.00118320883785895,0.000114556069103262,0,0,0,0,0.00118488331817085,0,0,0.00996210522599627,0,0,0,0,0,0,0,0,0.001409714533438,0.000466068279949221,0.000776334362871832,0,0.00114841219501359,0,0.00049246195026895,0,0,0,0,0.000810232477599915,0.00407590008467011,0.000581045231863788,0
0,0,0,0,0,0,0,0,0,0,0,0,0,0,0,0,0,0,0,0,0,0,0,0,0,0,0,0,0,0,0,0,0,0,0,0,0,0,0,0,0,0,0,0,0,0,0,0,0,0,0,0,0,0,0,0,0,0,0,0,0,0,0,0,0,0,0,0,0,0,0,0,0,0,0,0,0,0,0,0,0,0,0,0,0,0,0,0,0,0,0,0,0,0,0,0,0,0,0,0,0,0,0,0,0,0,0,0,0,0,0,0,0,0,0,0,0,0,0,0,0,0,0,0,0,0,0,0,0,0,0,0,0,0,0,0,0,0,0,0,0,0,0,0,0,0,0,0,0,0,0,0,0,0,0,0,0,0,0,0,0,0,0,0,0,0,0,0,0,0,0,0,0,0,0,0,0,0,0,0,0,0,0,0
0.213379979412288,1.15180385175393,0.378394214061434,0,0,0.234778132717617,0.122216469838231,1.6307725318372,0,0,0,0,0.453165498072052,0.605963909485023,0,0.000211051301142807,0.0471989722158414,0.0105489949051109,0,0,0.00832259791931432,0.00774272307176842,0.0341368526992438,0.62803573674756,0.00267877861656944,1.17436466473542,0,0.61111273643877,0,0.54164207482592,0.0783235625341912,0.638439170570927,0.00016419689632536,0.0987572384554924,0,0.0761394273123271,0.638027751589386,0.259628861423773,0,0.000724953285303575,0.131325368744057,0.0418262197842605,0.00832701253708176,0.278291404612438,0,0,0,0,0,0,0,0.596572869638866,0.000397154052343017,0.0165444109811791,1.72008124048962,0.933039027805005,0,0.0584340533396865,0.132645196042207,25.2603007560332,0.518093561198957,0.0333144496919678,0.0249967150834175,0.00131629649520826,0,0.0369286496367694,0,0.00234941370653778,0.696330423886354,0,0,0,0.288664873725107,0,0.000765768130185206,0,0.118864938110229,0.0614529352107685,0,0,0.410830361083293,0.10784912236691,0.204669235761453,0.00590657698709806,0,0.00120084813266732,0,0.0135949528507502,0.00106857762138765,0,0.074490867071696,0,0,0.00910113811897845,0.0604954665993293,0.0011876222032524,0,0,0,0.0172525285895112,0,0.000120115769192883,0,0,0.0843523796348287,0,0,0.000127146684926188,0.0298576755413587,0,0.00423838015398576,0,0.00148737498549678,0.0106192244007487,0,0,0,0,0.00845190991939491,0,0,0,0,0,0,0,0.00388287676384984,0,0.0564683798627095,0,0,0.000432086336973066,0,0,0.00150581094972842,0,4.70955919712416e-05,0.474627451959634,0,0.00477583634866732,0,0,0,5.24745404915424e-05,0,0.0882091578330127,0,0,0,0.00132654866042686,0,0,0.24141390019793,0,0.12294182834955,0,0.014624321836932,0.0240587407659805,0.000800696888981672,0,0.00946889576495771,0,0,0,0,0,0,0,0,0.000425423081661462,0.0311815632776048,0.150009820518662,0,0.000565152429327406,0,0.000205122927263483,0,0,0,0.00187756323393663,0.000171760152132536,0.00381692804439948,0.27914363841405,0
0.0280127577960303,0.276787471901442,0.00956896277434131,0,0,0.214862251123846,3.35157743888289,0.0932397802972758,0,0,0,0,0.00101269959242213,0,0,0.194719725051851,0.0409546183972096,0.00362406192377919,0,0.00832259791931432,0,0.0349286932704213,0.128748117802007,0.392179013911813,0.00119263261186175,0.0805994825135669,0,2.71277526642336,0,0.107383022202128,0.261205721896382,0.114375237023349,8.87116821861956e-05,0.0445032449855072,0,2.01332844116754,0.0304740920022406,2.25494353221716,0,0.00136518861406779,0.00799935751762848,0.298208437789958,0.914215871455477,3.10621644051465,3.51810309156676,0,0,0,0,0,0,0.225546355864005,1.99562532431439,5.24175234371466,0.322191333875547,0.042985032038259,0.00358992894793522,0.0033455432214662,0.0426167582132569,0.0297784624860242,0.0698277737453509,1.76435057166183,6.88916007115598,4.25468982594391,0,0.0595182837000059,0.180492879012873,0.00226842810656862,0.0344593630744072,0.0319460328547452,0,0,0.1477935953654,0.184631881661156,1.56458512754874,1.354209216447,2.79940494509301,0.0232389220471099,0,0.0152418995139095,0.00735357435288002,5.46771516480359,0.109978543098912,28.0902508242669,0,0.00426759981646064,0,4.77662249958835,0.543296647101423,0,0.00688811259940827,0,0,0.0107810395374961,0.00149161822026527,0.00622755538222106,0,0.000599083767449521,0,0.0101197542128371,0.00416316075045585,0.00110249207373381,0,0,0.0103002791418549,0,0,0.375635154410368,0.167265156363687,0,0.00670059269275029,0,0.00334414788546243,2.86894375397116,0,0,0,0.153974512070845,0.255476189635493,0,0,0,0.0298312814478133,0.152831111799453,0,0,0.00396734248167657,0.294978388720278,0.000739547676161544,0,0.0811754092539553,0.17259319288527,0,0.000682161097278868,0.322275096774893,0,0.00588266435430545,0.000312490334345569,0.000417277334195058,0.157839083940867,0.789476909169406,0.00101519743059516,0,1.01519891433562,1.12735585932999,0.000240126732966492,0.0153865344543083,1.2177055756959,1.11432816494953,0.00158980526989663,0,1.31640967066119,0.00764505490154787,0,0.00118292898925943,0,0.00154531403280492,0.0055960422479869,0.0033564869038983,0,0.481831214482866,0,0,0.0106090800387733,0,0,0,0.140835816814927,0,2.6007141511775,0.00311925749668256,0.0372339529160118,0,8.5673879080623,0,0.740138348811482,0,0,0,0.0901619777482007,0,0.027231905648995,0.00494521878741423,0.175842766299101
2.87522361829684,0.0721837410920284,0.19050524915745,0,0,0.231520790875587,0.207641703344163,2.04883555946327,0,0,0,0,0.0271681766431248,0,0,0,0.0149770718683175,0.00107897769489735,0,0.00774272307176842,0.0349286932704213,0,0.00847680922349317,0.133460659552415,0.000589294917757417,0.326426086054629,0,0.280329088918051,0,0.0906963615646389,0.000921183426323162,35.2810929654157,0.000152097477500223,0.0225072000767659,0,0.0785787074837993,0.434765085116613,0.217424225416694,0,0.000127938448193416,0.00249958330979311,0.00698531119337094,0.0211836543898935,0,0.000722311701025064,0,0,0,0,0,0,3.22570535345342,0,0.00127498050095616,0.0140814548623906,0.265844457351946,0,0.0215416740664214,0.0174380658840265,0.0776905254814284,0.116275526382955,0.00867924541010416,0.0180250240216734,0.00107559928289719,0,0.0305674109390323,0,0.000385532689917312,0.155040307719041,0,0,0,28.2046677454365,0,0.000543349531087783,0.000311393434449775,0.0827137144717325,0.0112623244510396,0,0,4.73837928041454,0.0161728851236342,0.0219544124664954,0.0352580017152783,0,0,0,0.0187097079531796,0.0122419515387729,0,0.0218566395956652,0,0,0.00042875840402965,0.000451475570679184,0.00018888092423377,0,0,0,0.00271029981809414,0,7.93394598074841e-05,0,0,0.0026454238211667,0,0,0.00503811822145481,0.000657283421550105,0,6.59956055107228e-05,0,0,0.00106675083636251,0,0,0,0,0.000539651634660814,0,0,0,0,0,0,0,0,0,0,0,0,0,0,0.000104074360441981,0.00296830053822873,0,0.000169097459970877,0.0027919303143798,0,0.000746788418407443,0,0,0,0,0,0.000572971864750628,0.00105579508505945,0,0,0,0,0,0.00287529076138167,0,0.00113051412425646,0,0,0.00162718989078954,0,0,0.00109855100168118,0,0,0,0,0,0,0,0,0.0127947916279492,0.000655924994838262,0.00579640131498037,0,0.00109081087297432,0,0,0,0,0,0.000170819714849153,0,0.000417092403128225,0.00191672192541081,0
0.00577013184503626,0.121957114121176,0.0698331728212377,0,0,0.016687289432366,0.339916417216271,0.118108391383048,0,0,0,0,0.0107136037871563,0.00312201199492517,0,0.000583142441806286,0.0431374293362452,0.0732258105312246,0,0.0341368526992438,0.128748117802007,0.00847680922349317,0,2.60964529044122,0.0138957804041205,0.171514491159052,0,0.461457454910167,0,0.404563384961637,0.00877739467398822,0.119107435490112,5.64943226952587,1.56902506081065,0,4.38908398980503,0.0458824598367205,13.4372969532464,0,0.127861724243238,0.0400608024605599,8.57360926530949,0.0032360527942445,0.00613292850733736,0.00743437490594175,0,0,0,0,0,0,0.0101365759199613,0.00665497000248297,0.010460823434178,0.146470001619776,0.305718526979407,0,0.121925054121112,0.812493817648915,0.120890330200414,0.152897372228848,11.0726430908592,0.249449979728076,0.0123545047077086,0,0.0321493811926036,0.00111028707670126,3.06855769626914,0.0688352770516773,0,0,0,0.0369214788826733,0,0.00255826183114927,0.00410955509976113,6.24838242791185,0.822736762399288,0,0,0.0205026135400191,0.0630230622213296,0.0640483525320277,0.0926283735647977,0,0.0277402719694544,0,0.083324093942445,0.00525833570609864,0,0.138248903839435,0,0,0.0333193408376143,0.030554618636806,0.07779237528046,0,0.00218655024982513,0.0377993458128048,0.0200739413766025,0.00560196050795591,0.0709702176402141,0,0.00155034318033479,0.030314870878434,0,0,0.201843353275227,0.005988730544801,0.00256940618803436,0.202509949550779,0,0.0335268945358201,0.00614994208394218,0,0,0,5.40192776912968e-05,2.17008122402162,0,0,0,0.00162832440021396,0.00971954539668714,0,0,0.0222581481457587,0.00121317801752137,0.000977352091560223,0,0,0.200084368973965,0,0.000481095860763406,1.80456193306614,0.00038685642950363,0.18222616277017,0.0124990951762498,0,0.601532909023853,0.0066181091346725,0.0538954550614883,0,0.004224855931971,0.00318195001666508,0.0127157508284882,0.000735820664185927,0.00415995825230732,0.00300141047263829,0.0392258864532896,0,0.0155403693815072,0.0264728157603533,0,0.0192944285582673,0,0.0176007899491056,0.0750033457368198,0.00250850756808889,0,0.631315956357052,0,0,0.000247231298990424,0,0,0,0.000511834546083475,0,0.0447596950047246,0.0398328788207028,0.0580305537743904,0,0.0311469795699292,0,0.0445956912128806,0,0,0,0.011517834837284,0.0509844137053863,0.235209576972615,0.0137681413879565,0.000982921642884239
0.0510738745599991,2.50696788083241,0.75697254330582,0,0,1.81290872382517,2.94079323330147,1.83506632426865,0,0,0,0,0.175703310764485,0.0171538745469428,0,0.00111954723976093,0.500408628604543,0.706198203840501,0,0.62803573674756,0.392179013911813,0.133460659552415,2.60964529044122,0,0.28275456697643,1.42424616124922,0,7.35284054734884,0,10.551586500879,0.14446510516185,1.88644865534572,0.104840624446929,19.9228014551007,0,3.21332659357525,0.48417891131426,13.6739511033245,0,1.92914857992794,0.575273071778782,2.29066303013837,0.0136596956175234,0.0192616570082314,0.015938275674225,0,0,0,0,0,0,0.154164887583464,0.0155660083118536,0.118769088160585,2.25814845714178,6.7945740320185,0,6.18989218101883,8.33228202205767,1.91111540078304,6.32014761363554,1.29472552662942,0.50187925197345,0.0417106131597266,0,5.13867805214057,0.00356276728640261,0.220777908368492,0.960370104805204,0,0,0,0.352242446428826,0.00056264405470887,0.0135902783869184,0.00746173364687497,1.07410990992943,3.17547815991569,0,0,0.342435934402724,0.30993519892636,0.668680379662961,0.344865393208114,0,0.409698799615315,0,1.04423019664966,0.0465828070673032,0,1.32692632836179,0,0,0.0294587337638144,0.0402199239447921,0.0739934364963044,0,0.000469255752514202,0.000864963037769896,0.106809915807475,0.00393865193160782,0.0316811538689475,0,0.00102016191179392,0.0808975120614481,0,0,0.0194803816708163,0.0115313486801552,0.00149907792892404,0.073711889021043,0,0.026308637866737,0.0114469090114138,0,0,0,5.17048166635901e-05,0.456429871719118,0,0,0,0.000780009079409207,0.00778865325393742,0,0,0.0196620094558179,0.00336073980206793,0.0127752368948623,0,0.00226030477845925,0.0343675593094945,0,0.000461042772230028,0.0778564758378218,0.000367374632001248,0.0701059686698388,0.10738035455386,0,0.167894460819834,0.0071178200720339,0.00474271528394457,0,0.0110799534838798,0.0127047725593361,0.0370100571931404,0.00377322664555128,0.0121063419125179,0.012007231459007,0.0175003256825935,0,0.0191196443008728,0.127638817206298,0,0.0594645140242564,0,0.0230480498857138,0.0955106014098721,0.00647582408057516,0,0.480652272393869,0,0,0.000691076602386632,0,0,0,9.28616525137146e-05,0,0.0876388032632832,0.0484917547079191,0.101321239558087,0,0.047511076347009,0,0.0504059382949556,0,0,0,0.0152874312277725,0.00652506278112331,0.141430876521862,0.0505582901598699,0.00187038017382341
0.0011853350112985,0.00273965386711729,0.0424416203997993,0,0,0.0180603631915593,0.00137541778641259,0.0111948834688841,0,0,0,0,0.00177703945941664,0,0,0,0.000583984506532207,0.0014358532112418,0,0.00267877861656944,0.00119263261186175,0.000589294917757417,0.0138957804041205,0.28275456697643,0,0.00236086707314227,0,0.00325570295500778,0,0.0363948728124075,0.00257125390505774,0.00874689017094103,0.000363382563909934,6.23110796431536,0,0.00949894085017032,0.0100867701961493,0.0496364883507274,0,0.000817564301553988,0.00580171476489264,0.00556119014568459,7.54936305526546e-05,0.000807958062876913,0,0,0,0,0,0,0,0.00269844405516667,0,0.00195723356057923,0.011293477208527,0.18599022418967,0,1.04532374365023,0.00277726157630363,0.00910937833718905,0.0308429182184852,0.0080244617443863,0.00152386055218602,0,0,0.000327405503894847,0,0.00145161240348879,0.00256452432988296,0,0,0,0.00745318519597529,0,0,0,0.00716033538207927,0.04726299743751,0,0,0.00293794213636324,0.00312623539573055,0.000226727517026446,0,0,0.000271299396134966,0,0.00223873627424842,0,0,0.0736065145941772,0,0,0,0,0.000316267690208587,0,0,0,0.000439228175032419,0,0.000210810216806897,0,6.07330279414498e-05,0.000306538483675269,0,0,0,0,0,0.000645865251437151,0,0.00036538791120114,0,0,0,0,0,0.00440205567356721,0,0,0,0,0,0,0,0,0,0,0,0,0,0,0,0.000217875789451562,0,0.00098411864882398,0.000177905459171538,0,0.00274600671793825,0,0,0,0,9.35504264592234e-05,0,0,0,0.000201441887418698,5.56745437139353e-05,0,0,0,0,8.59190255649723e-05,0,0,0.0005105692969676,0,0,0.00606451774868947,0,0,0,0,0,0,0,0,0.00103581027153122,0.000636644767726431,0,0,6.70278151574232e-05,0,0,0,0,0,0,0.000344811887924871,0.00153736552074406,0.000262209617077624,0
