0,0.107471306926823,6.42574513189273,0,0,13.5394575821394,0.248239773131507,0.280485136958828,0,0.000142621297921656,0,0,0.0766228882803342,0.0523700475922631,0,0.22456748878198,0.0180153513519006,0.277485251774738,0.00149447600092964,0.0963090875123786,0.0796580307842915,12.8059734063972,0.0620639703804868,0.57797440150222,0.328348203912923,2.58711607262471,0,0.0904090889647099,0,0.300020332506441,0.066919200937964,3.71107562956932,0.00839162553678133,0.852548109136071,0.000475412176818697,0.0495245626119869,0.286214000328932,0.399359221616203,0,0.110192727926122,0.0154870125354567,0.0447772097942449,20.0105455642756,0.1190203148567,0.0150696010906316,0,0,0,1.75046085889097,0.0012388784530889,0.000167313093465005,0.193200296911571,0.000918367588073871,0.0103738153664703,0.12852455891202,0.412113803407617,0.00658301167458779,1.25688844402225,1.74636007719047,0.201232700685223,1.38288357816694,0.00573408104525365,0.320380780496263,0.00234287593426671,0.0360525990956147,1.23525286818222,6.77331124883896e-05,0.00331978609347048,0.0655121471522312,0.0168460760715449,0,0,21.7820982057929,0.000954521465523099,0.055145293278275,2.47607655002343,0.0406497889144207,0.177241923838226,0.00114967828454092,0.00259376769151054,0.688741796727832,0.0282356332846163,0.00356975161982944,0.00938340722528688,0.00139359813759646,0.434468590183993,0.00239999082169706,0.81892702993065,0.179515241744766,0.0422180132616613,0.569627273851979,0.029652690803517,0,0.0112384697652481,0.0240833206093405,0.00355869452379597,0,0.000241713486286598,0.000476609377204507,0.0234434804916491,0.00318513494620169,0.00118853730885658,0.00110516015640492,0.000175612130091526,0.0227457430956032,0,0,0.0059635546343441,0.0120967907236776,0.00214530104074166,0.0064343462995028,0,0.00178572673627477,0.0497782652356213,0,0,0,0,0.00632168674379714,0.00062141334853163,0.00331149974007912,0,0.00517386696489063,0.000640748878161951,0,0.000564197906393747,0.0177804549044661,0.000167938155026513,0.0270981438029837,0,0,0.0101159616377605,0.000250026213939234,0.00258635336890613,0.0116945156413283,0.00197108811793996,0.000586141399281075,0.00701520373665965,0.00222796274862302,0.00125263498728097,0.00576860863376837,0.000535081095511434,0,0,0,0.00647091310685354,0.0417667966482974,0.000248617903051041,0,0.00103591693857949,0.0034471686476323,0.0271585291882769,0.0101386983915061,0.00126109504052862,0.0160564823729096,0,0.000389676639717007,0.00138077903595144,0.000237764577060064,0,0.0174537308520486,0,0,0.00188097036767144,0.0010657867560729,0,0.00101159786578428,0.000863808230033302,0,0.00405435091478707,0.0173418152112408,0.0269613955062436,0,0.0038372930490051,0,0.096708548928264,0,8.83833309172229e-05,0,0.00102626371331108,0.00117631163239096,0.000605652422114022,0.0347910709215597,0.0137939822637741
0.107471306926823,0,0.172660335900402,0,0,2.29117421442811,7.32109908917966,4.03165856904469,0,0.000495814146443491,0,0,0.0500868402353071,0.0185181622966662,0,0.216146198811222,19.4170689681286,0.0273901354332555,0.00029317508515299,0.0260378869203034,0.136911108228921,0.0116535415295374,0.389755463758482,0.036269945670632,0.106017576767824,7.12884931366647,0,0.931955366424051,0,0.0564872898764466,65.1653851998086,1.05306825865087,0.249318628861159,0.363640792688517,0.000959504509790596,15.2727023594956,0.68200854397534,1.57460042481552,0,0.146991399101516,0.0575558189819196,1.21393476601633,0.0304716881967048,0.0221100847576333,0.00308992426247782,0,0.000188531339600728,0,0.105623558544612,0.000575666681179657,0.000619043816311171,0.0177524459486899,0.00134613762338125,3.17649228896812,0.0642599525998744,0.360671163639918,0.000353595042863291,0.571750477247861,0.0929818872476354,0.163262571217381,0.286014176980364,5.36522221377675,29.8329680452746,0.0014278384993384,0.0222706215613169,0.0575479338927924,0,0.890297756809375,2.61942589725559,0.00529059756205431,0.00288850992421795,0,0.339785511290802,0.000882604942401524,0.00572698744452067,0.087050541325738,2.3848795596117,0.0216803948101612,0.000792149825430077,0.0279495111395255,0.112173598342654,0.997583332131802,3.80135109664012,0.00854723739157152,0.000263759280892091,0.794248195935873,0.0190910276184829,1.14900136006952,0.15402771205239,0.00304545914459481,0.160210172065778,0.00323711577760814,0,0.118711804382557,0.0404769617468569,0.0115327277949076,0,0.00322447794155097,0.0391227647388135,0.471053404744271,0.00895155720927099,0.0103572863096556,0.00238235966632435,0.000566499114894228,0.0912033746593448,0,0,0.0236969019820327,0.0213246344462981,0.0115831312163656,0.0501958429743505,0,0.0164054089436023,0.324520609513656,0,0,0.000297970629304357,0.000851702186159082,0.0127727372673003,0.00210353766505066,0.0110712265000976,0,0.0256235211599453,0.261471770685154,0,0.00172293096137627,0.0652083970506636,0.00108361008853634,0.146488292583131,0,0.000206221802723748,0.0314221993879181,0.00288259351717445,0.0150424801891424,0.0967858335964452,0.00356044472468758,0.00431843478947712,0.0124910732076363,0.00288285684763523,0.00745891885893721,0.013176847699382,0.0339477518273429,0,0.000810578239372784,0.000697755702121342,0.0140202464147655,0.0241151354992309,0.00393691024614553,0,0.0212651132308585,0.00627996515014113,0.0632409305923714,0.0378345650302307,0.000977402062703012,0.0289893393306516,0,0.00171908845902792,0.0305305380728819,0.00122548781284234,0,0.0583824757381122,0,0,0.0041816520166587,0.000447164848020765,0,0.0032098746820905,0.0061257609015497,0,0.00414026933980166,0.0484215784696469,0.661052670645129,0,0.0170970924284647,0.00101199238799361,2.03109219225584,0,0.0358720229572822,0.000254943518093029,0.0489462958948708,0.00172218356046179,0.00715392522104044,0.18754155760246,0.0629415053320929
6.42574513189273,0.172660335900402,0,0,0,13.0389226053522,0.0457327445708582,0.411044210706065,0,0,0,0,0.245225451022709,0.331275681374603,0,0.863611136969247,0.0640276080330992,0.208693094983043,0.00517918322509744,0.40472394608708,0.0347555461609771,0.3759856517608,0.0474391502351791,0.262635708372512,2.03603850915898,0.648841930721726,0,0.0297626394126411,0,0.457506213138939,0.0751471075796575,1.30087062481178,0.00784516000202701,0.870558600294416,0,0.0303638202430919,8.33488522995814,0.0978577674607546,0,0.0582088232784345,0.0908029770926845,0.0217466889817776,1.28073112956168,0.751389733851241,0.141851880237245,0,0,0,17.8448053307848,0.00785543899615816,0.00603312320190567,0.532826732673559,0,0.0493116033131576,0.647536935436508,11.1776234332619,0.036262729189433,12.1310378882432,0.596025862706769,0.303054610930038,0.652658038913982,0.00435472800502924,0.396586712390089,0.0153443538000007,0.0761548580076669,0.26534891799951,0.00176353652266818,0.00885727619456469,0.110889015879135,0.0689994282743314,0.000263011802766034,0,2.62089669272808,0,0.391187065375488,9.16059344293362,0.0124457773094406,0.234549489994463,0,0.00100765599937141,0.783420876823012,0.192293999864776,0.000623283692553873,0.00218003240328486,0.00473285529377949,0.234307365452061,0.00526094267720407,0.424476082811861,0.0582986604317814,0.271547880584929,3.36782838112785,0.0609115637266962,0,0.0165317583417749,0.0296824270042416,0.00164349625240633,0,0.000112954918959522,0.000963980067722551,0.035071728288091,0.00110070021472022,0.00103747221512578,0.000913344303912687,0.00015463356519351,0.025172952776398,0,0,0.00125527080460121,0.0167747148338704,0.00266729796805145,0.00662609648554771,0,0.00177747755551279,0.0772208162960538,0,0,0,0,0.00211796243644543,0.00106225284407994,0.00380726645560311,0,0.00650218646116715,0.00287411970585768,0,0.000383960692480791,0.0183676913911104,0.000799632098674544,0.0327120947496622,0,0,0.00446870973732587,0.00060553973339902,0.00465488584261274,0.00221666764300436,0.00257399909272399,6.40091610623963e-05,0.00841088827390806,0,0.000549836686721957,0.00703855705070227,0.000546325275445835,0,0.00110976243087226,0,0.00525859078835275,0.00582061522521867,0.00169407178265482,0,0.000547970318666539,0.00149668856628328,0.0396682175827692,0.0147664763034622,0.000426490890586474,0.0194549255845253,0,0.000824524119974909,0.00166143610337242,0.000685677811761186,0,0.00425480437445296,0,0,0.002283337427627,0.000677509769920523,0,0.00129911735894192,0.00368926564100788,0,0.0013316372229805,0.0204628762943932,0.0559818594105679,0,0.00343040544839728,0.00026551774644684,0.145644127835022,0,0.000508198608029861,0,0.00278170988778208,0.00163179811748107,0.000419224547856388,0.0409805366880479,0.0136755559524175
0,0,0,0,0,0,0,0,0,0,0,0,0,0,0,0,0,0,0,0,0,0,0,0,0,0,0,0,0,0,0,0,0,0,0,0,0,0,0,0,0,0,0,0,0,0,0,0,0,0,0,0,0,0,0,0,0,0,0,0,0,0,0,0,0,0,0,0,0,0,0,0,0,0,0,0,0,0,0,0,0,0,0,0,0,0,0,0,0,0,0,0,0,0,0,0,0,0,0,0,0,0,0,0,0,0,0,0,0,0,0,0,0,0,0,0,0,0,0,0,0,0,0,0,0,0,0,0,0,0,0,0,0,0,0,0,0,0,0,0,0,0,0,0,0,0,0,0,0,0,0,0,0,0,0,0,0,0,0,0,0,0,0,0,0,0,0,0,0,0,0,0,0,0,0,0,0,0,0,0,0,0,0,0
0,0,0,0,0,0,0,0,0,0,0,0,0,0,0,0,0,0,0,0,0,0,0,0,0,0,0,0,0,0,0,0,0,0,0,0,0,0,0,0,0,0,0,0,0,0,0,0,0,0,0,0,0,0,0,0,0,0,0,0,0,0,0,0,0,0,0,0,0,0,0,0,0,0,0,0,0,0,0,0,0,0,0,0,0,0,0,0,0,0,0,0,0,0,0,0,0,0,0,0,0,0,0,0,0,0,0,0,0,0,0,0,0,0,0,0,0,0,0,0,0,0,0,0,0,0,0,0,0,0,0,0,0,0,0,0,0,0,0,0,0,0,0,0,0,0,0,0,0,0,0,0,0,0,0,0,0,0,0,0,0,0,0,0,0,0,0,0,0,0,0,0,0,0,0,0,0,0,0,0,0,0,0,0
13.5394575821394,2.29117421442811,13.0389226053522,0,0,0,0.303346256486351,2.53795057197519,0,0.00083479834878995,0,0,1.60914810699376,3.22275514040117,0,15.6418225323024,0.953638823390481,0.363248613431377,0.0412410765387196,2.06904386356999,0.286068997130353,0.946926101696064,0.479545038431192,0.781773256876187,4.2719155274924,2.86595461840132,0,0.347072938000144,0,0.331638658447419,1.03868802670217,6.54328785783441,0.0156189490699817,2.73081329640208,0.00228532975323768,0.287736722959898,10.4632836671673,0.239843628590722,0,0.433663526408996,2.45381680096535,0.0443481489064546,10.0994817634405,7.43350343412502,1.79641765864293,0,0.000440124839389336,0,4.93863943071565,0.00936690540040856,0.0203728647418013,3.77306718584231,0.00118521309046561,1.73684863826184,5.26811662267838,2.79868819259132,0.146574112447972,7.55183034740185,1.22481717840748,2.64223710691943,2.69404572423358,0.0100548156362446,3.86668034675969,0.586473038768764,0.813260790616033,0.6946506558869,0.0727630499067797,0.0133459281417089,1.32758599761145,0.514215235300354,0.039726261283638,0,11.3891743654598,0.000945555789402714,2.44481081170678,15.5259235330268,0.0339247584851061,0.3748196400652,6.10198910316016e-05,0.612006109272531,2.93753416049066,8.0490923175105,0.00315384883082765,0.00817799012299581,0.0422712516119689,4.30379669622334,0.00914647750582407,4.74625827424832,0.206700388102727,1.1398210857306,1.83663175418436,0.0974989564147956,0,0.214018273128199,0.369867891739045,0.0201004098091827,0,0.00249901009894166,0.000705233159941933,0.441357727784049,0.0113505757776616,0.0173582389498039,0.00518414029961674,0.00526689064167367,0.244011875527872,0.000234483292562131,0,0.00920087449652279,0.16954927409569,0.0412628825914762,0.1019457253015,0,0.0211497403187576,1.14512103045498,0,0,0,0.000519300070215018,0.0130373974640626,0.0133843061312179,0.0393487920284587,0,0.128728055928728,0.0367456014576654,0,0.00534661662399012,0.188772589862788,0.0029573322325803,0.380056752771432,0,0.00137486962462353,0.0108353304260305,0.00748066143026482,0.0584683837541179,0.00850964490612365,0.0275129315371946,0.00305049199701322,0.128612050358973,0.00194532474048528,0.00692526852774298,0.106087367107468,0.00069469845263336,0,0.0314826660229786,0,0.0831384248044478,0.0490176073177894,0.0113300336664329,0.000907015458640165,0.0254011435862446,0.029036661928557,0.538780418993657,0.146966575588574,0.000912570850218768,0.180708479456571,0,0.00601138602601037,0.0302927681351261,0.00523579720545524,0,0.0199883590207603,0,0,0.0233782161727698,0.00608451059932093,0,0.0152986313217401,0.0548966312412352,0,0.00359904926607145,0.197924467624167,0.678779503526361,0,0.0636108689201303,0.0019217949168644,1.49003236480957,0,0.00127680462950255,0.00123823487934032,0.0327141697856292,0.0049748993305668,0.00918239246452024,0.356260619999245,0.18303941743082
0.248239773131507,7.32109908917966,0.0457327445708582,0,0,0.303346256486351,0,3.02292215190185,0.00587224185233158,0.00156937748427708,0,0,0.00520024875395491,0.00119373085535222,0.00860236555326124,0.00931442916112769,27.0630898301599,0.212064201051909,0.000290999514436338,0.00218475099500414,5.72573860586016,0.071084143781126,1.20178371100101,15.2989008455967,0.0386147950906515,42.746421235704,0,43.2899762469028,0.00542120506020659,0.22752744097184,0.0713047199036432,2.48711815759221,0.0244262766958189,13.172380776605,0.136104165317309,20.1718222634759,0.335624610241567,2.4608365804432,0.0238100934779628,1.82629388312129,0.000921584161425555,0.236368010226849,0.108097864210753,0.00432436675098312,0.0461183391822912,0,0.0417169100229026,0.000467334140198727,0.018315487385819,0.000376849400551057,0,0.00369907267114211,0.0732213112498262,0.000879770476085195,0.00311364812439087,0.356499655547458,0.000615523610174548,3.5606669648598,1.10801696163389,0.0271425639719971,2.17687652151085,0.31472783346438,0.128579346346395,0.0120891157730454,0.00624639918829519,8.48046305919074,0,0.00970075128274524,0.0743744868510109,0.000617987972492689,0.00078220433870816,0,0.758027470881027,0.0630479691679326,0.00821368530659985,0.031179098345909,13.3956201915366,0.0616811092698331,0.0578094726802237,0.125021281069294,0.0396951190026186,0.0207629390737564,36.4385081270151,0.866470316075164,0,8.56928778452311,0.00845584829058213,31.7836660882491,13.8581079944856,0.000904800363239665,0.0330103345566776,0.0121558422663588,0,0.36698317076645,0.00518600138290281,0.791477967278016,0.00456281736108521,0.0157713372464375,0.00314879466009984,1.69283983563296,0.0598899047921847,0.0374082772273937,0.0353425168632993,0.00286701739315736,0.0796221651429834,0.00193430127036808,0,7.26348178254045,0.00271848355093811,0.00865135081787055,0.24748978229466,0,0.0540248635067229,0.555530477591571,0.00142470708969954,0,0.000145969880278964,0.0702982524987274,0.256923641675299,0.000550921024379371,0.0786495537009229,0.00222501074397515,0.0649721569758551,6.47214293329078,0,0.00188582023649077,0.0266200947962887,0.00184018859931149,0.122225393436336,0.00101674404032673,0,0.0647093399256594,0.00180126615118241,0.0169565303035377,0.364727894139419,0.00126496873682004,0.0279786677567118,0.00142578052517466,0.310107284533737,0.0678535466909222,0.00223716240588866,0.00283582236309611,0,0.0102530738876061,0.0822033022065795,0.00170336630785928,2.62020722266041,0.0039366297732529,0.0556284508375534,0.112127547209537,0.00531047723762414,0.0272549563139235,0.0453921172826903,0.073202581411839,0.00459121124168422,0.0591927805303581,0.000153794975278588,0.468126682196606,0.000671290436250671,0,0.827028334410054,0,0,0.0011844821774649,0.0548086855989414,0.0101212305946527,0.00148661110386165,0.00161443565134501,0,0.307975956813246,0.00841763348904111,5.66886594399877,0,0.2392124666268,8.73258980773044e-05,0.39611805164456,0,0.000171576547729944,0.000192403010068301,3.14288320458009,0.0250179289533519,0.145435114674961,0.0998075079929175,0.0260695288777825
0.280485136958828,4.03165856904469,0.411044210706065,0,0,2.53795057197519,3.02292215190185,0,0.000341950696676847,0.00206787481702186,0,0,0.499964482631551,0.155754323519239,5.68831698289085e-05,0.208019249895175,18.4986923908335,0.0552820656474677,0.00158999478064232,0.290867884243245,0.330483640296073,0.074091125617654,0.343072129865409,0.297455768856767,0.250729291319337,35.3968790488742,0,0.696564518996953,0,0.132898747021074,5.67760173354243,40.5494258268638,0.00213978522127768,1.17007395522306,0.00614505423240497,0.263341949994001,1.33680428248106,0.475056857697056,0.000646480328854032,0.470120555894185,0.99990460218006,0.0162305564754844,0.167963762598598,0.0813646008039844,0.0154971950599152,0,0.00104839446533617,0,0.274408298180082,0.000744756844531141,0.000532069295871906,0.114795250003087,0.00180793958059881,0.0979774874346361,0.657783148375975,0.905518313379738,0.00284867506849064,1.40638436068112,0.34460278688249,2.69285519265722,0.342099953268323,0.0142120060990966,8.13878295589355,0.0130346793085537,0.0552117474380101,1.07013329448435,0.00025834949706551,0.00270399261402597,28.1957460646845,0.0272811500961819,0.00106562690414456,0,6.02123351338766,0.00347932436329586,0.0258258301939975,0.25549591222227,0.0746860452156319,0.0495323079283233,0.00198111752341998,0.015129457385356,1.14247572958345,4.70795107625071,0.00405558914221768,0.0260160965021588,0.00257068597745153,1.94999670586073,0.000673036532037761,2.57221251335194,0.802429851786265,0.0322942985784183,0.346654156609154,0.0100612354080426,0,0.231020860745055,0.336129751053331,0.0219504402686573,0,0.0020171012607656,0.000808526873457382,0.485863923084896,0.0120740382967638,0.0181384854927714,0.00221103936233431,0.00364064278524884,0.312990196028073,0.000640680127159121,0,0.0241759838959271,0.130009329258581,0.0616738062826424,0.152294288295057,0,0.0220096803543175,1.10277952374291,0.000508524011394659,0,0,0.00381323420121882,0.01290089419274,0.0194224497769083,0.0257936312911228,0,0.0956618506112723,0.047069125034504,0,0.00833692492264894,0.231650714894948,0.00560296009314076,0.420359940341221,0,0.000345918985150274,0.010800010323638,0.0118245448981506,0.0637234192224737,0.0126503845465137,0.0303536840082008,0.00341104713762324,0.0882335523515292,0.0187043967092923,0.00538920047251686,0.101812605000632,0.000693541917945378,0,0.0111424682829752,0.00369321938404776,0.104192009655879,0.13054804908081,0.0141664437540848,0.00112568183998838,0.0316551705676125,0.0382265362147646,0.470505714127673,0.14210607289636,0.00424902470254473,0.207759776641235,0.00217217897899194,0.00742167906832588,0.0293212105237074,0.00931852444484876,0,0.028039093658701,0,0,0.0239549413073762,0.00285343710072403,0.00128137974908729,0.0208129454820831,0.0386046342515538,0,0.0138225355286164,0.24563357066138,0.800125099156863,0,0.0548602091302465,0.00289214584774577,2.35594319888795,0,0,0.00162590904429426,0.038267230722136,0.00346362042060594,0.00693897169071407,0.570593574045221,0.260548045923752
0,0,0,0,0,0,0.00587224185233158,0.000341950696676847,0,0,0,0,0,0,0.486828274778971,0,0,0.000508539544856826,0,0,0.119041358081474,0,0.00329064648692142,0.000589742710961072,0,0.00303272249962013,0,0.00160276335261188,0.00985531846670286,0.000366700107010971,0,0.000278526950652905,0,0,14.3478211733554,0,0,0.00529990453714344,0.0234273498013684,0.00570166566540333,0,0.00122570577755909,0,0,0.114932032228014,0,8.20393876870459,4.83147489661271,0,0,0,0,0.16066731515769,0,0,0.000400670436544591,0.00704490750845075,0,0.000663628378548109,0,0.000758555931496098,0,0,0.0297560246285614,0,0.0052183490982746,0,0,0,0,0.0121792900523657,0,0.000655972959451112,29.2263489424423,0.00944095168795649,0,0.00233439782598379,0,4.49289183252157,0.172729535169008,0,0.0391680344464999,0.000558071681776708,0.882437217056043,0,0.00727614512356785,0,0.0228249308527829,17.1459967705515,0,0,0,0,0.000764672228566333,0,0.0097174459599612,0.00737225519129853,0.00159640492599248,0,0.000487639551426493,0.00071640094390784,0,0.010227630607437,0,0,0.00210315213916756,0,0.00781534434948042,0,0,9.98357296298881e-05,0,0,0.0246271698263352,0.00142800072406397,0,0,0.143331842204689,0.0117494234030985,0,0.00491703232145058,0.00315245713035258,0.00202307193573584,0.00716005182140403,0,0,0.000490103982769143,0,0.000230541043984983,0.000233246038548966,0,0.000490937657525534,0,0,0.000495634364077596,0,0.000586752378384535,0,0.313615884608131,0.000442308428890925,0,0.000298003688186017,0,0.0116019679153539,0.062896186781203,0,0.0708244728701444,0.000867262302423483,0.0727783554155376,0,0,0.0241550301276459,0,0.0610040772698337,0,0.0589106174580967,0,0.00250182212047109,7.15646461905252e-05,0,0.00994062442089651,0,0,0,0.0440168220275673,0.0121398647838357,0.000146478864762069,0.000109696265275973,0,0.0751934715214784,6.49943995778132e-05,0.00464006806124007,0,0.0256255360844843,0,0.000595204286683079,0,0,0,0.00777227423251062,0.00247933525870495,0.00090967561656405,0,0
0.000142621297921656,0.000495814146443491,0,0,0,0.00083479834878995,0.00156937748427708,0.00206787481702186,0,0,0,0,0,0.000187339927628414,0,0.000435215372096329,0.000541838733718832,0.00232287451637947,0,0.000285180518010721,0.00102250617221855,0.000435517350640321,0.00101616334023186,0,0.000497179601516979,0.00179132319419279,0,0.000227762020447444,0,0.000136305535146895,0,0.00369399659698159,0.00365581196425299,0.00282358514540491,0,0,0,9.81483459183211e-05,0,0.034367442296569,6.33934684087694e-05,7.98792348041468e-05,0,0.000387196547342178,0,0,0,0,0,0.471953768344762,0,0.000808084651435079,0,0,0.000714150789336492,0.000761784539516341,0,0.000237370581600491,0,0.00050020342104148,7.32500677168473e-05,0,0.000438666549600905,0,1.38066415149133,0,0,0.0049620980235462,0,0,0.0735193988657556,0,0.00047852165805251,0,0,0,0,0.000182498421930088,0,0,0.00167212869009688,9.3908571214274e-05,0,0,0,0.0265814469950441,1.36152546057153,0.00630732432023671,0.000218396246499972,0,0.000694956013454331,0.00898512804641765,0,0,0,0,0,0,0.245839289459469,7.28685536584457e-05,0,0,0,0,8.84472801544679e-05,0,0,0,0,0,0.000490735043753944,0,0,0,0,0,0,0,0,0,0.000302588632479024,0,0,0,0,0,0,0,0.000150749997087737,0,0,0,0.000749373655757747,0,0,0,0,0,0,0,0,0.00269452203605065,0,0,0,0,0,0,0,0,0,7.03119763083293e-05,0.000161838799456587,0.000390876749958812,0,0,0,0,0,0,0,0,0,0,0,0,0,0,0,0,0,0.000122047965914549,0,0,1.01859356907726,0.000135322996374802,0,0.0184189216356602,0,0,0.00870462233193181,0,0.000324009040412743,0
0,0,0,0,0,0,0,0,0,0,0,0,0,0,0,0,0,0,0,0,0,0,0,0,0,0,0,0,0,0,0,0,0,0,0,0,0,0,0,0,0,0,0,0,0,0,0,0,0,0,0,0,0,0,0,0,0,0,0,0,0,0,0,0,0,0,0,0,0,0,0,0,0,0,0,0,0,0,0,0,0,0,0,0,0,0,0,0,0,0,0,0,0,0,0,0,0,0,0,0,0,0,0,0,0,0,0,0,0,0,0,0,0,0,0,0,0,0,0,0,0,0,0,0,0,0,0,0,0,0,0,0,0,0,0,0,0,0,0,0,0,0,0,0,0,0,0,0,0,0,0,0,0,0,0,0,0,0,0,0,0,0,0,0,0,0,0,0,0,0,0,0,0,0,0,0,0,0,0,0,0,0,0,0
0,0,0,0,0,0,0,0,0,0,0,0,0,0,0,0,0,0,0,0,0,0,0,0,0,0,0,0,0,0,0,0,0,0,0,0,0,0,0,0,0,0,0,0,0,0,0,0,0,0,0,0,0,0,0,0,0,0,0,0,0,0,0,0,0,0,0,0,0,0,0,0,0,0,0,0,0,0,0,0,0,0,0,0,0,0,0,0,0,0,0,0,0,0,0,0,0,0,0,0,0,0,0,0,0,0,0,0,0,0,0,0,0,0,0,0,0,0,0,0,0,0,0,0,0,0,0,0,0,0,0,0,0,0,0,0,0,0,0,0,0,0,0,0,0,0,0,0,0,0,0,0,0,0,0,0,0,0,0,0,0,0,0,0,0,0,0,0,0,0,0,0,0,0,0,0,0,0,0,0,0,0,0,0
0.0766228882803342,0.0500868402353071,0.245225451022709,0,0,1.60914810699376,0.00520024875395491,0.499964482631551,0,0,0,0,0,0.422601737215362,0,0.424477022390571,0.0122100222060685,0.0309196392395306,0.00233224182178904,4.13577951676374,0.0603625066947529,0.106300858942117,0.0661752081456553,0.00229187722256112,0.258938585631113,0.0190775662874325,0,0.00323738415861044,0,0.0405326168499923,0.0474631668085481,2.48833405095833,0,0.371265600963088,8.61516422408204e-05,0.068196572458987,0.074699653389701,0.00452385021752045,0,0.140107966195642,0.374847755711706,0.00326166630227513,0.922828614838674,1.14212484357231,0.0325444141165776,0,0,0,0.256431783341682,0.000447418538693113,0.00386463835432296,15.5431922354481,0,0.028423020202501,3.55229697516944,0.248991285892884,0.00457411362604342,0.700085144122029,0.0199422815326407,3.33188986378747,0.0106631438812815,0.000192995116569583,1.63784353211153,0.265271521584345,0.0524681012290129,0.00513338605616486,0.0284667624139507,0.00211809020685591,0.40872189114385,0.76413621380387,0,0,0.0265041272071734,0,0.0298437509115241,0.494496163737901,0.00102869273907304,0.039383782345957,0,0.00310771043549963,6.98490601533901,0.589017330976901,0,0.00122956573416819,0.0024275686944191,0.525005443414836,0.000938676551319213,0.512976135154847,0.0334368646552063,0.0178494956862363,0.302872506737984,0.0117334904809684,0,0.0142391810676834,0.271731539506369,0.00246505771282687,0,0.000118746840272153,0.000181794589817151,0.0176604792389439,0.000521487138748326,0.0016271219854911,0.0011327270682714,0.00185725965551345,0.0518909219360128,0,0,0.000129259600710349,0.122269786568266,0.00973616995225195,0.0277195968887211,0,0.00120176776332976,0.286968666422964,0,0,0,0,0.000189353751149562,0.00946461863826678,0.00301312425323525,0,0.0310581989700966,0.00122136077494288,0,0.000785449503342167,0.0349171653802737,0.001869234177088,0.116238973283368,0,5.67922251244607e-05,0.000296369051438698,0.000534802993734956,0.0156774145035045,0,0.0176225939321575,0,0.0935074525068592,0.000821839183501934,0.000122563813999992,0.0598356214220989,0,0,0.0117535986940802,0,0.0625638574062709,0.00662760343457991,0.00935111124059915,0,0.00186670817696085,0.00952634336909763,0.266925313300789,0.0923725923342427,0,0.129651609619806,0,0.00230486510823331,0.000599662179178223,0.0016704258326413,0,0.000461820627479653,0,0,0.0127685821204814,0.00175551201659549,0,0.00401923341301622,0.0298701617902562,0,0.00031073516892064,0.114688953877035,0.039623054397872,0,0.0179885705225661,0.000387797818160923,0.581014440066396,0,4.81589683619986e-05,0.000118785163652339,0.00104887033416672,0,0.000670856938406704,0.0811270774212453,0.0364632736470568
0.0523700475922631,0.0185181622966662,0.331275681374603,0,0,3.22275514040117,0.00119373085535222,0.155754323519239,0,0.000187339927628414,0,0,0.422601737215362,0,0,0.539453721877076,0.00612130797574642,0.0699044844542719,0.0024140277889922,7.57043454341523,0.0250785208655155,0.00545432043894355,0.0577417201571312,0.00205127697152959,0.424988058273949,0.0114496305178622,0,0.00129615716719171,0,0.0318487156787076,0.0315596785600978,0.17237852988141,0.000584426586327678,0.529319192557537,0,0.0614765008486879,0.0153475168709991,0.0040720007908349,0,0.0596057340758019,4.98417680772166,0.00382289242227266,0.0856891642225905,5.10009950985319,5.44273285905736,0,0,0,0.569041319585496,0.00293894937859256,0.00886490156429225,0.096487594835147,0.00027529246537679,5.88194862807664,9.96729090736387,0.0998714652722307,0.283181894204566,0.829855649060154,0.0445424915109859,2.56772427395101,0.00340623799543057,0.00105715186670726,1.22886340952596,0.0252134287568915,0.0628216253536057,0.0021549594742944,0.00244452767179473,0.00401875100157698,0.215329103732435,0.0561768443674785,0.000922951356556611,0,0.0155593996608363,0,4.1039980468705,0.189943475206821,0.000761490443445286,0.0882953336651993,0,0.0116382168343507,0.0383830463536539,6.67807020249149,0,0,0.00228980708897812,0.271495813619574,0.00290680362841182,0.314922247987684,0.00457225957323692,5.01271517457957,0.418187144172079,0.0275240839123583,0,0.00913103279264693,0.390624819983461,0.000536383423435546,0,0,0.00027750238919064,0.0103651623902676,0.000221653965692399,0.000598136548197068,0.00348742184464953,0.000861414988411472,0.0401659366712907,0,0,0.000513233232216304,0.218940547009924,0.00610704501736483,0.016105408487731,0,0.0012333619604936,0.401024848210844,0,0,0,0,0,0.0123808562829598,0.00305622613169256,0,0.0460054343315052,0,0,0.000469036293602065,0.0305341780995415,0.0030349838034217,0.176802895433359,0,0.000205885452102754,0.00025174684287789,0.000102983622927538,0.0171925191501997,0,0.0197188197514344,0,0.170294360194485,0,0.000141921642465943,0.0766873620721815,0,0,0.0212900957473682,0.000202395691145916,0.07054176804972,0.000850875501942846,0.0129503861018651,0,0.000706720864795155,0.00756839230797039,0.381910278893818,0.142079476238913,0,0.175819280235092,0,0.00540681950362864,0.0015275519968916,0.00171723815191546,0,0,0,0,0.014250073031898,0.00213132882281018,0,0.00180667551563777,0.0390195428795754,0,0.000789911813015635,0.153305887619731,0.0209203538639484,8.08568984988593e-05,0.0298796249414215,0,0.511563148859668,0,0,0,0.0015470396023996,8.26951595387726e-05,7.00211739200858e-05,0.0568692112503553,0.0278957318844721
0,0,0,0,0,0,0.00860236555326124,5.68831698289085e-05,0.486828274778971,0,0,0,0,0,0,0,6.11362143795816e-05,0.00289643749814576,0,0,0.0738589780209603,0,0.00555698665766272,0.00286787375341818,0,0.00198648193576689,0,0.00985106940783079,0.428317208950675,0.000874681917488454,0,0.000261702625086991,0.000187265381287795,0.00031858926817846,14.2831011235057,0.000926802859247582,0,0.00402366717930321,2.38185627313031,0.147304647852784,0,0.00282989566661338,0,0,0.30842472700179,0,0.214787201143344,0.21848008475959,0,0,0,0,1.18085569803,0.0019796308087614,0,0.000840074280074614,0.010200970029057,0.00149063364604734,0,0,0.000805069769361046,0.000224742573821823,0,4.55671091892199,0,0.00762130186090946,0,0,0,0,0.0554762815596582,0,6.74225933892502e-05,1.72525484063919,0.0401828792890859,0,0.00171798790419651,0.00102239463998341,0.23337010300306,4.9559404402731,0,0.219819353409824,0,1.16391867315307,0,0.013796754059888,8.4275331895008e-05,0.0413755929115301,1.69048297400015,0,0,0,0,0.00117999924013051,0,0.010857066215329,0.0306668968041267,0.00248770694506959,0,0.000693729336769724,0.00173523056368975,0,0.0781937701806097,0,0,0.0122044442969928,0,0.0100241325656991,0,0,0.00131171019399254,0,0.000781213278967449,0.0330492148056117,0.0384011744648208,0,0,0.191105743573064,0.0189191291842246,0,0.00721127291427474,0.0141648750413967,0.00309221757668485,0.00196329466564668,0,0,0.000525741558129178,0,7.40146281671978e-05,0.00154456406152155,0,0.000284940810660166,0,0.000650371655952463,0.00118377509539437,0,0.00131175786066732,0,2.24505637901433,0.00223564047080752,0.000342193992882382,0,0,0.0330389354479763,0.774805109571885,0,0.166642286836052,0.00119373432951287,0.205630696722373,0.000557550082089121,0,0.0570111540843373,0,0.510147611202299,0,0.182394378983154,0,0.00351536698464741,0,0,0.00788009104585492,0,0,0,0.34978553830509,0.076866581033032,0,0,0,0.43921342694875,0.000836679488988477,0.0065087938493522,0,0.0888900856640208,0,0.00203629609225352,0,0,0,0.00855644565627276,0.00655222874321523,0.00105587968373862,0.000594771081248835,0
0.22456748878198,0.216146198811222,0.863611136969247,0,0,15.6418225323024,0.00931442916112769,0.208019249895175,0,0.000435215372096329,0,0,0.424477022390571,0.539453721877076,0,0,0.0440407016804532,0.0858890333710854,0.996577103585161,0.505744070981499,0.103050599291778,0.0369284667343624,0.13022667250068,0.0139526079556397,6.35056247648364,0.0623299058330756,0,0.00277251021162232,0,0.0253457059091538,0.0802004592631075,0.438620911123096,0.00450204405243511,1.51020038949218,0,0.0437163416642483,0.0156057575583565,0.0141103440914156,0,0.172582030704656,0.218881884829366,0.00896256510826286,0.815310424940043,2.74748793681075,0.4118774838149,0,0,0,21.5843478139825,0.00298082011274114,0.00992125240182093,1.56608303162266,0.000450034313447318,0.132511724669461,1.12334908846501,0.0239050628484656,0.0531084224488732,9.99277712570298,0.0669525103146736,0.389710253527447,0.0225319245400835,0.00619827903536272,0.986300502533275,1.50335699291324,2.68517903407579,0.027761194960376,0.0705508423827948,0.00874612684851626,0.116139439729486,0.214174130974611,0.0597188738734337,0,0.108802069395749,0,0.743263175546276,19.4223275290392,0.00340212308162676,0.1005454264747,0,0.88414273465136,0.465373482680775,3.89114399406117,5.55001870388176e-05,0.000729010914417372,0.0910206690078664,8.27813924951275,0.00460834510450634,1.57872308054101,0.0171782605409566,0.306853991205485,0.325362855211083,0.0386366641756861,0,0.0163389917157567,0.0831700817125214,0.00138122437922772,0,0.000341702850511439,0.00037705831341922,0.029253394610337,0.000265970386451859,0.00122432117420218,0.00353544980613129,7.96253473312153e-05,0.0276313878873107,0,0,0.000802285071411287,0.0381004171155259,0.012159518880195,0.0160970986536284,0,0.00160547788842012,0.252419083422082,0,0,0,0,0.00157473809929072,0.00171545884226129,0.0268961010595831,0,0.0460557316926988,0.000455241503461538,0,0.000548047797422943,0.018700282683045,0.00106124468888128,0.0489324832404145,0,0.000176806707174838,0.000845342243810663,0.00191102684431426,0.0142229227178111,0.000774785950626142,0.00323359917133084,0,0.0271745723925665,0.000155087909174456,0,0.0239706130756541,6.01482617196697e-05,0,0.0178355014944024,0,0.0146417159129479,0.00236921996330235,0.00372649041603058,0,0.00106579558110362,0.00311217919474909,0.151050565136274,0.0277633227617429,0,0.0316666442584252,0,0.000655396658180629,0.00165095023444623,0.000277022196730682,0,0.00134387587285475,0,0,0.00245202644092775,0.00372244715990874,0,0.00282975626764814,0.0188381879689232,0,0.000221842331606929,0.0347906648314982,0.0423301205611262,0.000374454303726452,0.0142373650711589,0.000468553453014939,0.17333349910043,0,0.000290803122029476,0.000314098548254494,0.00102656655082294,0.00275288696437683,9.14482109294059e-05,0.0394321004752199,0.0237185274371688
0.0180153513519006,19.4170689681286,0.0640276080330992,0,0,0.953638823390481,27.0630898301599,18.4986923908335,0,0.000541838733718832,0,0,0.0122100222060685,0.00612130797574642,6.11362143795816e-05,0.0440407016804532,0,0.0180354162974377,0.000352476893544449,0.00659240326788468,0.368632123919035,0.00675277203855156,0.568937970507321,0.257414288537686,0.0683759074204874,15.8236340611692,0,1.40392764759244,0,0.117867675033835,2.51377879920167,1.28419270453751,0.021611049403606,0.712650589606345,0.00431733837879796,2.5410356036241,0.80690920439528,0.716459173171404,0.0012019551036003,0.278767539331624,0.00320506992737011,0.0724967582813669,0.00309320911948248,0.00694827799337001,0.00322950410058892,0,0.000790972498968505,0,0.0376073054090982,0,0,0.00867463702885206,0.0019848075596014,0.0255037835858042,0.0115930392069514,0.504163296118358,0,0.771251691394219,0.160281637254483,0.0903136188282657,0.32788318464383,0.477464537650086,2.89509456760911,0.000752666917232045,0.0140605757547445,0.110300813210438,0,0.0444943157917859,7.39443693697193,0.0011207331467362,0.000229876983416755,0,0.222823966494646,0.00185848178359151,0.00369888566099493,0.00790124902671208,0.823330904594531,0.0127624158631887,0.00154959107936914,0.00843886073065914,0.0720497190100098,0.0200517945855988,0.285367181247084,0.0204333736173288,0.00088532812878365,1.15459014985802,0.000690302694826863,2.6493061597582,0.745715494485206,0.00203400055003566,0.0944721030228829,0.00201135989623436,0,0.516439339596791,0.0568152400379912,0.0695495846210552,0.000784103864685942,0.00529670131476878,0.00286039556999953,1.67129010059358,0.0333642579445129,0.0355543868751403,0.00588006421624237,0.00152099391040551,0.222254801975454,0.000796903854631143,0,0.189080389160772,0.0191220460100252,0.0285676065477474,0.160327353183813,0,0.0563471239708734,1.16970084080004,0.000457096303490584,0,0.000252489162311392,0.00259813488457097,0.0365763284949709,0.00199421929725962,0.0338762121153613,0,0.0871440426486156,0.907269578183383,0,0.00629801448244254,0.171252691649122,0.002583925660825,0.388179959485344,0,0.000434776414304307,0.0345846859779782,0.00648770356675672,0.0371242334883825,0.118665468498291,0.00526681128126265,0.0102872890094016,0.0119831904154957,0.0132938063754754,0.0210902160494347,0.0149575782037055,0.00204838924929743,0,0.000702918400886276,0.00343230370924906,0.0167568411241882,0.130776862923315,0.00371001124448171,0.00265737472060113,0.081105147320596,0.0156268677318643,0.119831959665805,0.0713030270706559,0.00181687561592929,0.0375941897294327,0.00168451767886259,0.00213942938504282,0.150567092502593,0.00438331629752953,0,0.149648166600979,0,0,0.00662121638303428,0.00328220346592173,0.000375874169487121,0.0112221463345268,0.00573031041830091,0,0.0128887570874356,0.061362293076306,3.05645150814343,0,0.0547173264334113,0.00129335365879225,2.55844136978815,0,0.0024199196054574,0.000660768338187744,0.369326158727586,0.00626456736750375,0.0300015046121607,0.336277394141941,0.180582366784663
0.277485251774738,0.0273901354332555,0.208693094983043,0,0,0.363248613431377,0.212064201051909,0.0552820656474677,0.000508539544856826,0.00232287451637947,0,0,0.0309196392395306,0.0699044844542719,0.00289643749814576,0.0858890333710854,0.0180354162974377,0,0.00712431392454389,0.0632861351542489,1.44693787864209,0.0288809987073137,3.96599706456978,0.243544674399046,2.19764339726431,0.359514106145986,0,0.250488648226877,0.000223851159874749,6.17500857608879,0.0104556189156878,0.135135121808814,1.67921677182758,10.0949469759998,0.0274156334220892,0.847322498377679,0.078923332904667,0.545994298716324,0.00345068492013643,2.71190792304774,0.0210135538013782,2.0437524437245,0.0930669205606607,0.15422536459882,0.0397116860658922,0,0.00849806175476028,0.000518350815365866,0.295134438039969,0.740104999103552,0.00105176585120707,0.0513014310552233,0.0132514111320975,0.0120273109199005,0.118971055410355,0.0830582257842103,0.00624390521880042,0.721319653696745,8.92677982022667,0.0361650021638615,0.343599188900143,0.0835493740625505,0.377106776055446,0.004851735211662,4.59286724860353,0.49296324214009,0.000132078264975809,6.53850657723073,0.0159461945341024,0.00820030572544236,0.00305386406901343,0,0.369748401499437,0.0159271229473333,0.0809828102764878,0.0414175874633115,0.118852445719137,34.7463510095298,0.0181977223265617,0.014089770846921,0.0577460236078035,0.0502030147844996,0.0141577222551277,0.283919122670743,0.0110211236453123,0.254544207572925,1.87890926309873,4.68773870066234,1.36255862295844,0.0444011896986321,0.228025559779199,18.5767335109898,0,0.00239913688561564,0.000339654834078345,0.00504801437676483,0.000328248524450837,0.0211687912507811,0.496988891112739,0.00232848676474478,0.00721896443422354,0,0.019716271825878,0,0.00166008626561931,0,0,0.00467727034914196,0.000507998315064904,0.00485425663110137,0.014957716134225,0,7.50309724296149e-05,0.0738946109588521,0.000582177829470194,0,0.00300642147566782,0.0118314708317781,0.0404832087819705,0,0.0431933508554759,0,0.00329151376709497,0.00173648313340181,0,0.000226825789511409,0.000692997223281557,0,0.00132012758172488,0,0,0.0609623346358899,0.00618138654742717,0.000630315740963478,0.0287832956549945,0,0.0077811477611447,0.000306084959416111,0.0584220883228088,0.00780694013468864,0.000349854362035554,0.225146515987668,0,0.00351475291779236,0.016169199242359,0,0.40666805728355,0.000452695747070053,0.0115662454975698,0,0.00012045928739802,0.00634693805658151,0.000186032410863432,0.0155534190804542,0,0.00926889360540562,0,0.00163860393092182,0,0,0.0161955112729771,0,0,0,0.0402565185416348,0.00177299347138478,0,7.39954781406897e-05,0,0.127743636799612,0.000672498171226602,0.00688438344445742,0,0.0822977201378471,0.0450042782489677,0.0196796293748192,0,0.402103135732297,0.000116763400400431,0.00178812381934172,0.0308513438049091,0.000155608842734581,0.00254007043502383,0.00135206840751568
