0,0.729388648497581,8.99860993765941,0,0,3.18194279812221,0.130555128571387,10.0656417662638,0.00116093134847193,0,0,0,0.186747792446481,0.058773240473977,0.000132326426687274,0.175828383983406,0.683962294145962,0.177122291647725,0.000448961896543844,0.336395076170733,0.0644033821545677,8.10111205625186,0.0486023636623584,0.716217165064762,0.35603986785291,8.67694797798798,0,0.129109963338261,0,0.127200662415856,0.125432868330004,6.26237394366028,0.00252362347764815,0.122378712687187,0.00185034221553058,0.140697467711535,8.04402751318174,0.318561953641807,0.000661647645442274,0.022111371494601,0.0535763350082089,0.0507238740306276,12.6692234618085,0.455985713511119,0.0203547286944373,0,0.000178945516672302,0,0.471987026927548,0,0.0490813564858017,1.86626365912634,0.000882865737126791,0.036262523486746,0.126588311743721,0.785321350315709,0.0226832024844697,0.641778828759547,0.386185739295227,0.61572033818692,3.38009753295836,0.041295887563906,1.34487416198301,0.00665167651902055,0.0398156014693694,0.647690782945695,0.0226277913312095,0.00762335867343172,0.563487483188359,0.227421052061072,0,0,38.8734509587701,0.00122814968735749,0.0883975303960032,3.58218541282037,0.123834127479845,0.171011274112197,0.00128551225362468,0.00288597830937442,3.68683938947889,0.0753793543521911,0.000663770016561167,0.0126673622285262,0,0.078420770726392,0.00154615813775752,0.713574396965143,0.0983258887431943,0.182482614688759,0.501226804346792,0.000171279598385057,0.00257320934535863,0.0141634677999335,0.136186232706491,0.00490752082312682,0,0.000236808411895007,0,0.250558759857206,0.00577412884127546,0.00998400620800534,0.00167241213656796,0.00383698162989634,0.141396258743507,0,0.0027545353208954,0.0227834906716383,0.044282959830813,0.0127631332082267,0.046758180419501,0,0.0132739321866142,0.226194820121121,0,0.00523401636518151,0,0.000513289174758506,0.00845696573003077,0.0332916149771854,0.0139710407832447,0,0.00893560783185013,0.017679451528267,0,0.00199839854429246,0.010582103255406,0.00421697741025127,0.31692558885327,0,0.00233602894961088,0.00209351994324056,0.00234023490465416,0.0126558835060448,0.0213337333388473,0.0927908954467271,0.00197015526432562,0.17208942357736,0.00236694164290543,0.00493718940890915,0.0956705278426642,0,0.00875020419543749,0.0213138679161674,0.000527134283434599,0.115887883591823,0.0212909393465589,0.0679736038458282,0.00114499368785795,0.01437363725465,0.0154297583645538,0.15648677852153,0.114377848102929,7.66853107466211e-05,0.112718935178421,0.00198605830779171,0.00459353006021148,0.00771941844992288,0.000248087533098582,0,0.00971322431229415,0,0,0.00713946097586269,0.00199426884373685,0,0.00192284603417883,0.175216887315225,0,0.00341049699885956,0.0905141866248164,0.213323917748885,0.0208088505591785,0.0243595930740389,0,0.0590201038641104,0,0,0,0.00437929324728501,0.000883623673370667,0.0121485133511993,0.05570642199618,0.0233131662448254
0.729388648497581,0,0.401774618331284,0,0,0.564022974710479,7.73567889374045,5.72066765531071,0.00182864692863026,0,0,0,0.0295224955906204,0.0185477176692908,0.000367176840188218,0.0631129253479491,31.3428959252665,0.0597867519456355,0,0.0499158191796048,0.333254013433027,0.0926579348023428,0.453352089942433,0.287408907941729,0.114723159671905,0.742700966195671,0,0.0613845223341286,0.000275958499167074,0.12448092990291,34.0626754832267,0.797639940338416,0.0688661484229553,0.242061500151247,0.005123672161188,0.660267136962469,0.821566222598173,0.120704126199992,0.000480335106685844,0.0396628369242523,2.04890204959019,0.0968804005819461,0.163267357773692,0.0300444689698747,0.00641029875932259,0,0.000548983410896861,0,0.0347794291558404,0,0.00330571869481522,0.147005287045712,0.0042352042833064,0.670862838917043,0.0328426778096866,0.626988552162755,0.00129935759919335,0.206087044574019,0.182790902730771,0.18342238148928,0.673076588622463,1.23834919377339,5.73627867318258,0.0036916123871955,0.0419138315351129,0.0413414128742549,0.00148246471835527,0.0280904858318605,7.46345529204457,0.0213627191964035,0,0,0.617509786806242,0.00225332914921001,0.0113293598305076,0.11805864736759,3.60585567193767,0.0965743066722172,0.00147811664772114,0.00308715938573214,0.110340689892156,0.426794111048307,14.3019650781797,0.0327193477257858,0,0.273678488705125,0.0451752774603893,0.987717692486829,0.106308086538447,0.00801264636014526,0.265867240494992,0,0,0.0544823091815707,0.0689358381885955,0.0100464020761644,0.000465741300342947,0.00607074071878358,0.028762920323249,3.34479839655994,0.0239916423872985,0.0293593183070871,0.0015919909511277,0.0104569721674109,0.533090117777771,0,0.000784653721429218,0.308842572068214,0.0971005633461393,0.0274656570903479,0.092796898911087,0,0.053253564064671,0.496139518717134,0,0.00168591848059806,0,0.000554159185854653,0.0221528370172325,0.0114595141016121,0.0258029653951317,0,0.0151993263190564,1.20601854587715,0.00032252050930406,0.00799048483064558,0.110978332810117,0.00568052425304874,1.14733785265201,0,0.0020493057249664,0.012201364643006,0.00994520490061444,0.0182916237147755,0.0165038592663846,0.0306018291705692,0.00897435021370663,0.253382159979295,0.00244276053861699,0.0157565456027476,0.0423526546428914,0.0220415847486642,0.00348534124992929,0.0140106014924375,0.00114032783156189,0.0384246018710825,0.0401060748934572,0.141249852702482,0.000279010119033991,0.0411768774637954,0.0253359708196383,0.196746110112656,0.319784227553265,0.000367504932590652,0.0429852172267247,0.000566668647481457,0.0048851819238334,0.020366149618137,0.00681593619070525,0,0.0100816190435805,0,0,0.0048397558532316,0.00775137658146219,0,0.00563069159522858,0.0530213991948054,0,0.00293726527897918,0.0564690203432505,1.75817566097959,0.00709936220130684,0.0449589493336117,0,0.0991303541313732,0,0.000586114510435776,0,0.0167088068244014,0.01720277138474,0.0260116123563268,2.09321978753403,0.061095583673458
8.99860993765941,0.401774618331284,0,0,0,6.35045412547849,0.0276221583822154,1.33554946738011,0.000762207812082291,0,0,0,0.442235853674711,0.168619279126758,0.000235199148912488,1.69069149570292,0.810345377775893,0.285069803184519,0.000863258811647777,0.907298104178717,0.0461010572408794,0.444413764055637,0.10983014831667,0.231905539723957,3.70955470403388,1.22383518795731,0,0.0264050682581341,0,0.044535490018327,0.0702880451953573,1.07614175653463,0.00786127433081537,0.364899214274278,0.0021631467789612,0.18238985252563,15.0008771955386,0.0630477645623147,8.99647156271943e-05,0.0372394019119147,0.0588023042829023,0.0870988075685527,0.313575638859565,2.23814655694217,0.166463128667967,0,0,0,7.52505263798734,6.77657632327023e-05,0.191474857395416,1.17608197724702,0.00146471905279653,0.167864733647058,0.620528321802973,5.26734828843563,0.0846906276919247,5.69123090413455,0.170941477405563,0.793146575219895,2.67410389218384,0.0226132599732784,0.880300791428391,0.0398038743129418,0.298372741134535,0.102374612711058,0.0851943159940219,0.0238070444057467,0.288189581137819,0.760628351764353,0,0,5.05278116529849,0.00034590963044657,0.391473322976649,9.23390105259115,0.0244438394213415,0.616514810784703,0.000430487876093149,0.00188243755636036,0.856657816454391,0.553860419158099,0.00102806630464198,0.00354134322500694,0,0.0990491984886877,0.00747551054043865,0.97172134123968,0.0431310066313037,0.617287482746507,3.16332733628687,0.000138814351313775,0.0112588820644855,0.00659863095044729,0.0697018136944448,0.00180649695281416,0,0.00100152798103143,0.000315719003502865,0.184649440046298,0.00272055262133037,0.00183690928870305,0.00152846961781212,0.00223270780503388,0.099724505211252,0,0.000962659741121414,0.00991474010322524,0.0286637875073982,0.00216831297686273,0.026538766747321,0,0.00777503932769945,0.141406668105494,0.000323808584962646,0.00182139775454886,0,0.000664929021144511,0.00936317869404862,0.0160323663450331,0.00514724547427339,0,0.00784907022677385,0.00770563691757765,0,0.000127413336939971,0.0105818553138935,0.00193713223028995,0.16155834500429,0,0.0016485889081916,0.00439943197253167,9.27851117080384e-05,0.00485939177305117,0.00470745348808593,0.042341400560119,0.000768059078013828,0.0924034012805994,0.000458534215723738,0.00369374911430779,0.0478381508099384,0.000127467012943378,0.00361765866378456,0.0130760907888624,0.00131801799704458,0.0500078722301565,0.00744883857478346,0.0415106360262171,0.000774973313656252,0.00709576604836381,0.00519792517537035,0.0856428103822208,0.0598521898984195,0,0.0552250623767704,0.000609589475817227,0.0026151458588566,0.00341266708452628,0.000604416107532291,0,0.00213978216673535,0,0,0.00193603287622175,0.00216837028372001,0,0.000478923888781491,0.0794754428513917,0,0.000704281984197308,0.0422263495470196,0.143232012719548,0.00907279693356053,0.0112203906347508,0,0.0593559164996904,0,0,0,0.00180280445847513,0.00437508150171583,0.00414692504406027,0.0396541999691037,0.0120998127772456
0,0,0,0,0,0,0,0,0,0,0,0,0,0,0,0,0,0,0,0,0,0,0,0,0,0,0,0,0,0,0,0,0,0,0,0,0,0,0,0,0,0,0,0,0,0,0,0,0,0,0,0,0,0,0,0,0,0,0,0,0,0,0,0,0,0,0,0,0,0,0,0,0,0,0,0,0,0,0,0,0,0,0,0,0,0,0,0,0,0,0,0,0,0,0,0,0,0,0,0,0,0,0,0,0,0,0,0,0,0,0,0,0,0,0,0,0,0,0,0,0,0,0,0,0,0,0,0,0,0,0,0,0,0,0,0,0,0,0,0,0,0,0,0,0,0,0,0,0,0,0,0,0,0,0,0,0,0,0,0,0,0,0,0,0,0,0,0,0,0,0,0,0,0,0,0,0,0,0,0,0,0,0,0
0,0,0,0,0,0,0,0,0,0,0,0,0,0,0,0,0,0,0,0,0,0,0,0,0,0,0,0,0,0,0,0,0,0,0,0,0,0,0,0,0,0,0,0,0,0,0,0,0,0,0,0,0,0,0,0,0,0,0,0,0,0,0,0,0,0,0,0,0,0,0,0,0,0,0,0,0,0,0,0,0,0,0,0,0,0,0,0,0,0,0,0,0,0,0,0,0,0,0,0,0,0,0,0,0,0,0,0,0,0,0,0,0,0,0,0,0,0,0,0,0,0,0,0,0,0,0,0,0,0,0,0,0,0,0,0,0,0,0,0,0,0,0,0,0,0,0,0,0,0,0,0,0,0,0,0,0,0,0,0,0,0,0,0,0,0,0,0,0,0,0,0,0,0,0,0,0,0,0,0,0,0,0,0
3.18194279812221,0.564022974710479,6.35045412547849,0,0,0,0.0456667531582665,2.316424763014,0.000896122371625705,0,0,0,0.82839593571256,0.560110327443634,0.000198692981587122,10.3457205602311,0.953943004441541,0.166240079657651,0.0751155923028538,1.78392238571007,1.20133296462627,0.835469017053519,0.1902921323137,0.130810197511911,4.15086907197306,0.584664339290825,0,0.0748103421039402,0,0.038394506458476,0.0745540790605935,2.50080720338655,0.00726528780146856,0.46264830422006,0.0018128109309909,0.954019067370923,2.95258695699704,0.0757056138579215,0.00051927634610047,0.111485533646454,0.48159233553422,0.0758654946380729,10.3034065266868,9.67455821149013,0.876375799715945,0,0.00150694967264578,0,1.07248468821698,0,0.267283569721978,5.82712423172139,0.0016079426229859,1.68613368420641,3.14319107243769,1.22174489193023,0.118437608540022,12.507879187857,0.109397119093937,1.94541587207817,0.884356108218196,0.0184376150632476,5.2218675772326,6.00276358999904,0.455957010185595,0.0594942463780232,0.640084987110817,0.015614659834461,0.592880884692687,1.49104710557846,0.00138384494675067,0,1.62960333965249,0.00211128832130747,0.887543419258058,18.261735203422,0.0536207779189891,0.615696578309142,0.000709652410717985,0.010964388811786,3.25667910602097,13.6400239179362,0.00346289679316929,0.00796661924280899,0,1.45992467666466,0.00423091230349588,4.27602405034678,0.0635167743656362,0.966101858950349,1.08065602028875,0.000288019984316237,0.0162455391232005,0.0141425212102664,0.389418352408856,0.00366242333727168,0,0.0027910355834453,0,0.4084595946891,0.00904732687511127,0.0219979439310208,0.00129149392365487,0.00867697195350338,0.319744164675352,0,0.0080403087117016,0.010580822814082,0.179290158828387,0.0274898719658319,0.0695427761378519,0,0.0233249413844824,1.65546096376051,0,0.00672199757748647,0,0.00116616926330443,0.0242528938975503,0.0718415405059578,0.0194545159116529,0,0.088548298117936,0.0132173697841382,0,0.00416919598118327,0.0407220765849969,0.00519586151750682,0.56928560731338,0,0.0116167061888771,0.00217584254284952,0.00695784544811557,0.0265647792059702,0.00796707223337325,0.206930104241039,0.00386863562100687,0.608040154459232,0.00203594720198017,0.00729204583185949,0.359348315356832,0.000202569669821596,0.0252379416486331,0.208443181215154,0.00204185175470362,0.308817299474333,0.0126383183722539,0.147132047003519,0.0145823805381349,0.0266652454815679,0.0206124088833844,0.661604441341095,0.246631757405686,0.000831172627965699,0.246423063287333,0.00320639083734559,0.0150043664560172,0.0113941328338815,0.00262906761414521,0,0.0045216286913843,0,0,0.0195774634066425,0.00171958687709585,0,0.00572298390417598,0.46337087131673,0,0.000413891723382041,0.158773419107018,0.219653394244558,0.0615654334201969,0.0464506279805979,8.15807909284433e-05,1.28396939147281,0,0,0,0.00373592639524411,0.00474310535080119,0.0141785182608549,0.0777396798991534,0.0840491383531296
0.130555128571387,7.73567889374045,0.0276221583822154,0,0,0.0456667531582665,0,2.90488787449046,0.0825492148780529,0,0,0.000538679593897803,0.00244680834999852,0.000654978212058113,0.0356251066603658,0.0047622213090592,19.2679240625889,0.235343192968996,0,0.00711881203704967,5.70166418832601,0.174388933560665,0.657625723931601,16.3197680845805,0.0231362348069013,23.6898811987367,0,15.916859242111,0.000877205396944097,0.368409033824683,0.671204485083634,0.959500045762556,0.00958785237038145,0.397396119533308,0.251698177976883,11.8414475420204,0.298743249077414,1.88682877094321,0.111298614585869,0.341951573656022,0.0550394911640234,0.318159189169747,0.0203215480319636,0.0037462006055497,0.301228745255828,0,0.104302802227705,0.00013009735263405,0.00148554558031979,0,0.00050932231491631,0.00966655070791712,0.253265759939084,0.061775963118846,0.00245320462553409,0.177053994063778,0.0280821316420148,0.0227729378407349,0.960611134320887,0.0109288678487034,4.70760559318288,0.331292204385359,2.46426751008886,0.0724701820513084,0.0201649835211113,4.84160426162469,0.000380435340339761,0.00851361091257546,0.815036992280903,0.00217786343437099,0.0012310356419923,0,0.225262393553508,0.205336172732725,0.0964031556249135,0.00848987732010825,9.00427726594182,0.0804291854926461,0.171322056007631,0.188817941788002,0.153953754067753,0.120212791204642,30.3118028699782,1.37407453744192,0,1.4949334996018,0.00110521307358287,19.005180365683,7.68062341738546,0.001559145362754,0.0309182999436965,0.000395686616988977,0,0.142473968769407,0.00125539901598531,0.0614375929914571,0.0268801062009324,0.00365566535495551,0,0.389084107858129,0.0869118917807907,0.00207241124455106,0.0679067763579849,0.00156802608099182,0.0401992032946274,0,0,3.43209774042369,0.000571446739908005,0.00103126769733947,0.0152000779778779,0,0.0263700436850141,0.306867443389708,0.000307875154418151,0,0,0.0701145389747802,0.206165483094045,0.000757313075711349,0.103803661480047,0,0.000915708735123312,3.11829979625512,0,0.000190654772570389,0.0152527115664341,0.000645893759567046,0.0164647751753576,0.000589671869108355,0.000424609917989488,0.00666317672415638,0.000474830154469616,0.00237624010312318,0.167313858436804,0.00112143164685095,0.0091441690694094,0.00253329808393225,0.207785882580701,0.0368571204893654,0.00110758787589267,0.000943966365445094,0,0.048984828689545,0.110175640401767,0.000798735601875863,1.42376953679165,0.0352262260129285,0.0314525201186942,0.00469327879530538,0.00239095421197463,0.0246359417350128,0.00971663323047774,0.0324751942191823,0.00122886639919324,0.0318088284121668,0.00118551435249389,0.0430783559601888,0.000915430044690461,0,0.0562362536014125,0,0,0.0029898667539968,0.201568692158956,0.00894651957239717,0.000245754932865161,0.00180605679748808,0,0.195701641797943,0.00726817868047757,1.86691543727422,0,0.478430717620144,0,0.215246456027999,0,0,0,0.538607981492367,0.00748528754262144,0.0357009280910897,0.129780521090512,0.00703176811279402
10.0656417662638,5.72066765531071,1.33554946738011,0,0,2.316424763014,2.90488787449046,0,0.00422274948549084,0,0,0,0.164987554015754,0.13676758604326,0.00302732812851987,0.268809239004721,10.352312357947,0.223840636793255,0.000269111181359278,0.353864752543705,0.722207260414773,10.584039898962,0.143045650703501,1.4991469621668,0.338017159973672,14.2704486434641,0,1.01354520638692,0.000227920539544929,0.468169431541955,6.48627042413675,70.4790089147554,0.0039671835056843,0.553907075832131,0.0190122326037462,0.381277652791959,1.85193130161112,0.403124540877601,0.0063494877132076,0.152968362807518,2.25710228257715,0.107645991027017,1.0785192801467,0.0957048747292871,0.0291800515809501,0,0.00592821821929727,0,0.110260116794033,0,0.0139392768219176,0.829295955477414,0.017801809709392,0.456010326871983,0.437945141175948,1.33886584773275,0.0041843358796342,0.638789221402457,0.529951615627591,9.62360714973554,2.78484710748206,0.0565069574852745,17.7749233932046,0.0123871888680292,0.10934866378651,2.10987708881214,0.0167644032669778,0.00858124237506094,58.841796115991,0.0844204526046796,0.000275016132364222,0,15.4015493291842,0.0140769776954243,0.0990559124131834,0.547666426810919,0.556792321136033,0.254173361928995,0.0118499047308,0.018963587267589,7.08087548560889,2.47751974770518,0.0538459619464479,0.0825635002353983,0,0.821968828565645,0.00281494726542671,3.52201461516916,0.523633747770033,0.0520307595479186,0.710431859349398,0.0005049750721228,0.000782063085839717,0.043761249701425,0.792609489309572,0.0161915223975416,0.000404260816070853,0.00438207053196196,0.000199113308821841,1.48957577951835,0.0281164610499841,0.0712766722632718,0.00896753156081509,0.0198056932230845,0.918408318237446,8.81292501245801e-05,0.0117100633124323,0.0828618949090775,0.472547046028241,0.0685402002335133,0.209063704878928,0,0.0840807278668997,0.954346680243155,0,0.0136193773629021,0,0.00260363954129297,0.0391572339399611,0.14783322377728,0.0565915937900228,0,0.0394000955999604,0.0840558492319467,0.000275433377486583,0.0119922067713967,0.109359101069582,0.017954265515645,1.90079412413029,0,0.0150137138456946,0.00214631188272991,0.0219055709432536,0.0560701627712099,0.0374314302125565,0.414092270579104,0.00925468947996797,1.14589062452677,0.0162084216957015,0.025193715581713,0.42709973293506,0.000145572778974295,0.03330809345244,0.116411338469273,0.00785622278329357,0.560060409610175,0.11435780254942,0.607309395974871,0.00967216385857481,0.0772075206169135,0.0653662151610993,0.681260084611056,0.725011755811586,0.00103850802786746,0.582914916039,0.00380730450407071,0.0376404214560371,0.0354095828264849,0.0064701318925124,0,0.0199924558260263,0,0,0.0344334193531164,0.0186008346040518,0.000112272533401847,0.0121060801052074,0.74055028469964,0,0.0139804119043699,0.5049752840363,0.789327650796693,0.0997031254644977,0.114788815805151,0,0.288451861881773,0,0,0,0.0267922516125775,0.00215233255817696,0.0498835721766587,0.332341426341432,0.10951061188139
0.00116093134847193,0.00182864692863026,0.000762207812082291,0,0,0.000896122371625705,0.0825492148780529,0.00422274948549084,0,0,0,0.00243593460239408,0.000347142205138633,0,2.35291359979239,0.00140786671897889,0.020670984017092,0.00279727578471593,0,0.000726524856283143,0.569364405517798,0.000250428120636421,0.0204062687487466,0.00992069029449287,0.00225261201175292,0.0168412309526602,0,0.031521640577807,0.045225572444758,0.00579657220282474,0,0.00509292709894341,0,0.00506581523924143,17.2411115347803,0.0217038008193951,0.000761365655135751,0.0481416398568131,0.531929917232294,0.179027908784338,0,0.0143666646156231,0.000558202875966107,0,0.278509518933091,0,1.18358410314648,0.229863237850044,0.000389879667748227,0,6.78194274549332e-05,0.000325801893145791,0.680346048253817,0.0252788929767798,5.1325672083536e-05,0.00251756395746793,0.0576416581087396,0.0025576515688153,0.00138517998516297,0.00142550131471379,0.018802769793591,0.00370183030780429,0.00959924274929734,0.235009186082089,0.000543864600925065,0.00992818428473438,7.61836024005674e-05,0.000232550306674857,0.00145504503464081,0.000398030863651625,0.00311127787165017,0,0.00477479983557056,26.6682084710284,0.129602810520529,4.97168314324953e-05,0.00992487262269186,0.00114922184183668,4.49181310042847,1.3448312984977,0.00212594598037065,0.120466920933143,0.000296152963177199,1.75064046534262,0,0.0279741497966664,0,0.0817327258096166,6.81286726788722,0,0.00153569048045248,0,0,0.0112110226843418,0,0.0236760500415798,0.128822518639821,0.00741646469193703,0,0.00193142341919747,0.012011256733031,0.000281637065206253,0.137991422076459,0.000350091750758411,0.00249297654127493,0.00630607218787061,0,0.0235214247187925,0,0.000298560742272691,0.00228111776060487,0,0.000370332535498216,0.116646763923275,0.00329315068462161,0,0,1.47306903936505,0.0765705846553652,0,0.0472509872181113,0.00141375562643864,0.00268471454837196,0.0410789936444857,0,0,0.000661131143687078,0,0.000793678461582405,0.0023986636663262,0,0.00164730371252159,0.000503428211969557,0,0.0235350339807639,0.000112765590716407,0.00446955114252446,0,0.756743540440525,0.0464250542185422,0,0.000263556457735426,0.000452423363794724,0.151771518025502,0.498531628426928,0,1.33422744981854,0.0343592947508863,0.14456377868152,0.000167419523634291,0.000314909382288231,0.0786115772801458,0.000361366808553135,0.181667503059225,0.000526716155160256,0.0751865984778199,0,0.0105722801841553,0,0,0.033819375724655,0,0,0.000121892892810454,0.425017529027611,0.0395795152785654,0,0.000220128109569895,0,0.994171365906868,0.00124056728776004,0.0138238619304523,0,0.239731655194087,0,0.0111797769475862,0,0,0,0.0256715377089873,0.00241050490613463,0.00437520465775597,0.0014589896409471,0.000642401979324511
0,0,0,0,0,0,0,0,0,0,0,0,0,0,0,0,0,0,0,0,0,0,0,0,0,0,0,0,0,0,0,0,0,0,0,0,0,0,0,0,0,0,0,0,0,0,0,0,0,0,0,0,0,0,0,0,0,0,0,0,0,0,0,0,0,0,0,0,0,0,0,0,0,0,0,0,0,0,0,0,0,0,0,0,0,0,0,0,0,0,0,0,0,0,0,0,0,0,0,0,0,0,0,0,0,0,0,0,0,0,0,0,0,0,0,0,0,0,0,0,0,0,0,0,0,0,0,0,0,0,0,0,0,0,0,0,0,0,0,0,0,0,0,0,0,0,0,0,0,0,0,0,0,0,0,0,0,0,0,0,0,0,0,0,0,0,0,0,0,0,0,0,0,0,0,0,0,0,0,0,0,0,0,0
0,0,0,0,0,0,0,0,0,0,0,0,0,0,0,0,0,0,0,0,0,0,0,0,0,0,0,0,0,0,0,0,0,0,0,0,0,0,0,0,0,0,0,0,0,0,0,0,0,0,0,0,0,0,0,0,0,0,0,0,0,0,0,0,0,0,0,0,0,0,0,0,0,0,0,0,0,0,0,0,0,0,0,0,0,0,0,0,0,0,0,0,0,0,0,0,0,0,0,0,0,0,0,0,0,0,0,0,0,0,0,0,0,0,0,0,0,0,0,0,0,0,0,0,0,0,0,0,0,0,0,0,0,0,0,0,0,0,0,0,0,0,0,0,0,0,0,0,0,0,0,0,0,0,0,0,0,0,0,0,0,0,0,0,0,0,0,0,0,0,0,0,0,0,0,0,0,0,0,0,0,0,0,0
0,0,0,0,0,0,0.000538679593897803,0,0.00243593460239408,0,0,0,0,0,0.00202607876163565,0,0,0,0,0,0.000635929272346444,0,0,0,0,0,0,0,0.000277690969714341,0,0,0,0,0,0.0833308127290086,0,0,0,0.000589048042568791,0.000425613405059758,0,0,0,0,0.00117127320166856,0,0.00053313431242485,0,0,0,0,0,0.000224782981153113,0,0,0,0,0,0,0,0,0,0,0.000506301934502591,0,0,0,0,0,0,0,0,0,0.00281614106248278,0,0,0,0,0.00458115928683251,0.00432642779090136,0,0,0,0.000849244411702532,0,0,0,0.000540438759284377,0.00506057780751893,0,0,0,0,0,0,0,0.000576693774007769,0,0,0,0,0,0.000604472982420045,0,0,0,0,0,0,0.000267647988652763,0,0,0,0.000139572259181523,0.000400475593869618,0,0,0.000390502428544933,0.000392951584405166,0,0,0,0,0.00041928597421341,0,0,0,0,0,0,0,0,0,0,0.000247776451781387,0,0,0,0.00314446576990471,0,0,0,0,0.00043188681576913,0.000616775630263432,0,0.00113151919781791,0,0.000647872245887474,0,0,0,0,0.000726901383865358,0,0.000343211540884229,0,0,0,0,0,0,0,0,0.00205118205808011,0,0,0,0,0.0010461508491577,0,0,0,0.0010332902334853,0,0,0,0,0,0,0,0,0,0
0.186747792446481,0.0295224955906204,0.442235853674711,0,0,0.82839593571256,0.00244680834999852,0.164987554015754,0.000347142205138633,0,0,0,0,0.582465696451006,0.000331761598124708,0.280758438361067,0.0193144452673142,0.0826011622975565,0.00146891718151919,7.08407516921888,0.0606740027776103,0.0175128574642961,0.0483582551777166,0.0468398711341639,0.159112400395654,0.020068787643356,0,0.00484318547661294,0,0.0491912171685011,0.00357180992036203,0.0784129724909124,0.00117635076375929,0.231258282844586,0.00188852343757534,0.164312793241503,0.183146803319465,0.0106137261783651,0.00102294851936329,0.0328346607935264,0.101643220827514,0.0197393080359592,0.497688655722942,0.863477368060523,0.0143466997794574,0,9.59394199667946e-05,0,0.0621092176229541,0,0.201616671474701,22.6758412918264,0.00151984110057998,0.0608487637987844,0.260336110870709,0.385141935082983,0.0230463166146912,0.357629527758328,0.041968852316755,6.47786289480585,0.0329880730562642,0.0085753986702239,0.845870245974075,0.0606244168582956,0.0547993680955323,0.00358881514893275,0.244468320617406,0.00468584832319731,0.0710946405985342,4.44111634893904,9.11989892866481e-05,0,0.142336244672645,0.000536794057244768,0.0474193635833675,0.222619732192244,0.00376936445851356,0.15376940182537,0.00166416803604396,0.000176144660524763,1.62558486727028,0.524520599112536,0.000646979313409297,0.0049760975440989,0,0.141855530044708,0.00113999324689967,0.703545838262293,0.0438245626108652,0.296904042865858,0.395219396950175,0.000142318899721831,0.00913868863543842,0.000171692125115751,0.249373007673777,0,0,0,0,0.0114807774909969,0,0.00109960550671493,0.000300343878318268,0.00138811153674449,0.0157810856948183,0,0.00324190175614707,7.35028023899249e-05,0.168132009949183,0.00142002861469812,0.00965846108108032,0,0.00347362812672718,0.130911134686423,0,0.00537620344289387,0,0,0.00547157614526981,0.0432191141574569,0.00287756316086835,0,0.00530988036089378,0.00117965619314986,0,0.000101052697071205,0.000844204458809551,0.00138321965903843,0.119973685097293,0,0.00251650913123389,0.00044411794477077,0,0.00251522413420263,0.00159261719493163,0.0967624302686947,0.000387787130151718,0.390769004245217,0.00045673102395414,0.000645716675361712,0.112724875661303,4.90644196572566e-05,0.00830869944827337,0.043437172397431,0.000297058948202943,0.19584667829778,0.00530055035016867,0.127676983339041,0.00154051352654094,0.00344811118175358,0.00225044768852845,0.107244591755642,0.087232952987199,0,0.143374988715853,0.00115040898878817,0.00560069041528309,0.0018467123281711,0.000218582742686275,0,0,0,0,0.00720092224692987,0.00199390981543276,0,0.000193754871122194,0.204678473908317,0,0.000204459671246925,0.100200134342703,0.00528400734119282,0.0202626105563508,0.00451320845062885,0,0.201174682912134,0,0,0,0,0.000919851099587012,0.00257031053108407,0.00407859816712385,0.00736925037454484
0.058773240473977,0.0185477176692908,0.168619279126758,0,0,0.560110327443634,0.000654978212058113,0.13676758604326,0,0,0,0,0.582465696451006,0,0,0.0742951034062246,0.0299254656043187,0.0299625055692979,0.00045548967603156,12.2631273673382,0.0228921933658858,0.0082158435086797,0.0275213635881786,0.0132531039244509,0.0842884064808193,0.00611207837452372,0,0.00352653402680682,0,0.0114302821728889,0.00595203013659398,0.0570101580885665,0.000281137749240296,0.0824022424884472,0.000128728920090996,0.122471214296567,0.0429447959586532,0.00237640598740413,0.00021072886427663,0.00800352510387094,1.33244734437338,0.00746860807404168,0.0318185394627599,2.7874122145926,0.172528196604573,0,0.000207574264200228,0,0.0345303727548601,0,0.0802853321402013,0.169391291494204,0,1.06036316260971,22.0015482397703,0.10154825144336,0.084664524345219,0.161104316943435,0.0137808503690658,2.30215050756739,0.0120989664297868,0.00211453453000299,0.635009454378109,0.0187542262654577,0.0217477432242952,0.00085112856987352,0.00977202507180649,0.00151331602949289,0.0716955355016833,0.174227504878279,0,0,0.0310460130953153,0,2.50724717140962,0.0497786761386933,0.00211980058468568,0.0591867607291382,0,0.000101280893269039,0.027307301518435,1.80825130344376,0,0.0011876158892442,0,0.0369765010468248,0.000505989557615738,0.190413805476787,0.00623036406821584,1.09989975262359,0.121892162459956,0,0.00448950857906719,0.000223458668102194,3.93681326080898,0,0,0.00326162046617526,0.000164415251661636,0.00324628611701971,0.00160426138235498,0.0276581816672388,0.00104585390285286,0.00202513169219072,0.0143078005913745,0,0.0112236011726312,0.000489341719980274,0.862769341583976,0.0484054420035801,0.0564026751466197,0,0.00714392892516892,0.223646135002138,0,0.00340736377587635,0,0.000669602303643618,0.0236682251377372,0.0724913897512816,0.0102556720071882,0,0.0558432537955723,0.0296618568059242,0.000238112331791586,0.00857659391229351,0.00144714535630703,0.00275556091615017,0.146628913684995,0,0.00444167735501183,0.000100332571587758,0.00715747051194787,0.0322863234133288,0.000152614701879434,0.141175176803519,0.00443979769137871,2.32868686533469,0,0.00869002156373823,0.39079465128837,0,0.0155758187653038,1.96650518826533,0.000390431472666069,6.35577790239141,0.0033951603516956,0.208308542735219,0.124299603219049,0.0333474520687835,0.0299973420960993,0.971870462363879,0.0853290982034508,0,0.220284390191822,0.00475735096208123,0.00434073956986253,0.00158531571928424,0,0,0.00046183192150574,0,0,0.00462526113757331,0.000316643474241034,0,0.0125455270162248,2.59378556849292,0,0,0.0519784320458127,0.00403219481402372,0.0514236137544833,0.0444735692024305,0,0.396541127362371,0,0,0,0,0.00119465300559664,0.00325451967855675,0.0155525893254002,0.0376095592307837
0.000132326426687274,0.000367176840188218,0.000235199148912488,0,0,0.000198692981587122,0.0356251066603658,0.00302732812851987,2.35291359979239,0,0,0.00202607876163565,0.000331761598124708,0,0,0.00196423244048784,0.0094618504096818,0.00159878563521737,0,0.000285775502054872,0.238523265203605,0.000387305133459231,0.0103763266720945,0.00553584610466442,0.00054066784076812,0.00507062009635302,0,0.0144795831524968,0.541116832055835,0.00143299182434432,0,0.00142402032448985,0,0.00124502849435598,27.8954267078156,0.01251648133551,0.00163594244433782,0.0253591885544351,3.19128376027403,0.492306275333308,0,0.0106643464534712,0,0.00122056532108857,0.20854058187545,0,0.130743043394006,0.0604374355228546,0,0,4.94222559604845e-05,0.000323701415229294,0.420126323776491,0.0243963861956116,4.67642315870906e-05,0.00121714260788799,0.012452009968686,0.000963278708749724,0.000648342387269116,0.00086243993157077,0.00809161181766099,0.00430760097469129,0.00198740819790083,1.47255290102556,0.000815981614516488,0.00740781277486921,0,0,4.30256546902416e-05,8.78552032335111e-05,0.00358095943882614,0,0.00224377820477219,1.60788611557768,0.0556017606025633,0,0.00515936110218042,0.000441939298143682,0.398088223680218,7.06802641317413,0.000772495906631821,0.125478820299137,0,1.50753465936597,0,0.0179665209116688,0,0.044676942702425,11.0419594754853,0,0.000818365448869341,0,0,0.00669207587599152,9.65578818926793e-05,0.0239344792025127,0.0853141782591318,0.0132682253480829,0,0.00120233043922495,0.0158798185558062,0.000352984641190839,0.294159055079978,0.000367277724659805,0.00234922288898636,0.00245548574290358,0,0.0300249630217959,0,0,0.00147506314924702,0,0.000281066750496439,0.136189751366989,0.0038378416887767,0,0,0.333997052367984,0.103756736389645,0,0.053078480743171,0.00159906938010924,0.00356985299574024,0.0290065097143543,0,0,0.00307065376774306,0,0.000720009619142968,0.00107944665235881,0,0.00218172171454739,0.000437927166166033,0.000343194947247369,0.0204028617355787,0.000392749039541325,0.00551024244021446,0,1.06027206638776,0.0748063372440347,6.5123166893684e-05,0.000206858549768539,0.00109924364979379,0.132839120802159,0.772849035392049,0,0.355791316691847,0.0332260382880267,0.134939313248949,0,0,0.0788808071021675,0.000432729570060937,0.276893007306184,0.000645051790356458,0.0680588780900633,0.000194271862643651,0.00684952169582357,0,0,0.0219972384906579,0,0,0.000335487992113681,0.735745485539126,0.0460588409437556,0.000411374086262961,0.000660744032868479,0,0.607575404846672,0.000938359106814569,0.0174063003919041,0.000105657931142646,0.401827577538984,0,0.0102804767095694,0,0,0,0.0192112847563178,0.00836879589658646,0.00492521737378394,0.000563964743072621,0
0.175828383983406,0.0631129253479491,1.69069149570292,0,0,10.3457205602311,0.0047622213090592,0.268809239004721,0.00140786671897889,0,0,0,0.280758438361067,0.0742951034062246,0.00196423244048784,0,0.0289196336467206,0.00779134715865837,0.407678892445413,0.370202023580125,0.0457651231373732,0.133462916846244,0.0136396628584811,0.0133686646275586,4.79730787064902,0.0151068678989509,0,0.00635467155643302,0.000151386275919804,0.00611386096756093,0.00449219971034063,0.309434192312641,0.000629841430654953,0.0460193915763087,0.00599703442025805,0.0383772555492311,0.0250744447138775,0.00803195210199744,0.012078656418268,0.00595233633652144,0.0330375497479213,0.00378085888617257,1.95900943476594,1.71964926337568,0.251045888198418,0,0.00111035967240108,0,4.46481321462614,0,0.0878128678532277,2.79455648038444,0.0473349687781332,0.122991723406414,0.331027331458562,0.0516293027406081,0.0349972747091494,17.8013041637663,0.00605865518943532,0.729037866784176,0.0179963175383289,0.000965164021068401,0.429707885601541,1.82411981568845,0.131944403917837,0.00289625893563978,0.383290607348748,0.000821741254177398,0.0739032744576506,0.561970598669069,0.00421072995285808,0,0.0729382714754248,0.00955825001183849,0.21819689520065,5.43754176372241,0.00758034104773173,0.0306464808224213,0.00327154382967674,1.16798687131876,1.48556296630702,0.908233822611082,0,0.0301890715353559,0,2.1907828351963,0.000193030439560255,0.163347887582151,0.0195527592931735,0.201060985127363,0.0651448829195592,6.7764208548508e-05,0.00318195231995423,0.000413103075768181,0.0813290235066373,0,0.000179681799804234,0,0,0.0143324288044296,8.27021317485466e-05,0.0017355807704644,0.000940184089157491,0.000707729768644383,0.0220388762404276,0,0.000715388532594591,0.00153082647730484,0.0305789422021492,0.00106776309264956,0.00560622753202854,0,0.00291328795567943,0.103849842626945,0,0.000879497293571126,0,0.00355359258221325,0.00145156028074028,0.0133254656585529,0.000906359953087171,0,0.00425768263028328,0.00132861493537048,8.15867388640444e-05,0,0.00149210490455035,0.00117335387127041,0.0795475456752923,0,0.00126956824245426,0,0,0.00237108428328525,0.000882937385246042,0.0369160935342192,0.000215709772949363,0.10241798893009,0.00425244151829039,0.00103717526436997,0.0461192882555278,0,0.00361937795185696,0.0211426693428358,0.00365300857790103,0.055699650279236,0.00296166173301242,0.026724249877917,0.00257130583154384,0.00234554942965606,0.00213469575379129,0.0625294267233131,0.0365646443235132,0.000965580333600751,0.047856710614848,0.00154912400194543,0.00361762927616312,0.00147920544839298,0,0,0.000344596090317982,0,0,0.00314989402603352,0.00287559751771502,0.000558974684266239,0.000477216356707384,0.066337643006062,0,0.000611514406617624,0.036034753938935,0.00836818409156146,0.00994062805552118,0.00486505443694098,0,0.0905786345944285,0,0,0,0.000551751625686926,0.000185798895309369,0.00118558071943517,0.00402914633589097,0.00751213774816672
0.683962294145962,31.3428959252665,0.810345377775893,0,0,0.953943004441541,19.2679240625889,10.352312357947,0.020670984017092,0,0,0,0.0193144452673142,0.0299254656043187,0.0094618504096818,0.0289196336467206,0,0.209084553659518,0,0.0407349861150417,1.86291770035022,0.144572011917305,0.293615638884754,3.31674352229262,0.205810569354825,5.48284129185066,0,1.25394844497831,0,0.576679574892525,3.17510007356101,2.10247071510238,0.0117575168936796,0.796214380353846,0.0641285171519159,2.61836928711967,4.23262566865282,0.384164503007903,0.0236084090061373,0.232330356810365,0.669775096200746,0.114595989263442,0.0726806235231624,0.0491647068364418,0.0710155892010006,0,0.024560591099653,0,0.0392512876220342,5.32106667265539e-05,0.0038109434185407,0.0834800947609674,0.0565291144795074,0.112131910879624,0.0243155488982142,2.55047043800678,0.00645403351486501,0.454843217813446,0.344396366701997,0.172382088331834,4.23894174914826,0.241969681893509,4.46534512689244,0.0223712515956969,0.107678319705277,0.470702475587248,0.00268423692685826,0.0135733900697863,24.0969487284634,0.0202967765430226,0.000825060917384358,0,3.61597177470177,0.045214055862188,0.0523672839908321,0.0532109138985287,3.77949774134043,0.247613967798809,0.037978266404948,0.0437844089297621,0.499047210458524,0.0928652331757609,7.91218712794159,0.298212155339817,0,1.01363835260634,0.00549830388225289,7.85580783370763,1.55826098243685,0.0205732857428775,0.732065546986634,0.000817338851668013,0.000273102973184428,0.6445783436899,0.177672546367584,0.115951516740283,0.00165165311468025,0.0129739370275123,0.000991178577882296,13.6482726829389,0.170675024947296,0.169088861478753,0.018104323907329,0.0676670150991014,2.61731842746447,0,0.00402411023174998,1.543827598667,0.0996206233839237,0.131534528485319,0.439488936539817,0,0.308108066438409,2.36218820033336,8.92781373085239e-05,0.00643024020324373,0,0.0159104933080408,0.130041599834564,0.0508309866436488,0.108448415323034,0,0.07361087343178,2.26578007028317,0.000419844195422069,0.0328495833324213,0.837067873278609,0.0316317324732534,2.9454897994071,0,0.0120712141868192,0.00566122162089275,0.0438994716755026,0.100300064646767,0.183117559392854,0.147418439596323,0.0283415618723386,0.53014705248106,0.0406332567914147,0.069634559826721,0.159293693885827,0.00229613230632211,0.0189035510155801,0.0484713213519063,0.021692846494453,0.157416320168286,0.332308903490182,0.318174114182671,0.0103227768903823,0.202883432015456,0.126663039384216,0.807027286117459,0.906776948911928,0.00639443002052053,0.15545503837798,0.00485090490381712,0.0141795386277305,0.139948869445045,0.0420362386106104,0,0.0849285690247843,0,0,0.0237366084267074,0.0601199590621238,0.00245544246118277,0.0320124716235582,0.305410134357642,0,0.0418770160382009,0.149176546302791,9.79174736502622,0.0368567605366382,0.280799885291032,0,0.51295758844318,0,0,0,0.233420346849978,0.00560267863764627,0.169406287591743,2.77291690348172,0.30638700383598
