0,0.0076031656264942,4.67777976780129,0.00303976887228082,0.00202719880734501,21.4632753949987,0.00199368361300569,0.62902368720652,0.00402531076243457,0.0256462768640667,0.000792841599709,0.00243737307733103,0,0.00188682383142972,0.0337648195083043,2.71067398084739,0.0018708901960489,0.0115881909245952,0.155561192294009,0.000151889253022714,1.0282870094788,4.5159011448263,0.0014476445931231,0.100570707716496,0.880484090917827,0.0320380499471213,0.00171711230192626,0.0389677739652536,0.634366383806658,0.0199220521398519,0.00394528452833368,0.525553843582381,0.000337285414809558,0.13604912460119,0.00285427309514374,0.00194938255919688,7.91760362721627,0.0458272963415519,0.139692178274292,0.128389946266105,0.00356469860180057,0.0183490875877458,22.9438352300238,0.0336988706082218,0.00696536154035834,0.00346527214134687,0.000216029262891726,0.00244504671807789,1.22682732832318,0.00178300203971411,0,0.435739171734057,0.00808433883093084,0.0410783893920625,0.0438223903721493,2.27649588386102,0.0166137883178292,0.497381778721472,0.0104749647328912,0.0214502704824306,0.0285919733683244,0.00535302248432697,0.00115862261433473,0.33416579921436,0.0607276016391991,0.0162474541283127,0.53110053784154,0.00482357980977864,0,0.0208433146658096,0.375232571189752,0.400004172672237,0.634239392225459,0.00148778138750948,0.000960298805234459,5.08709679694234,0.0044100864649825,0.104862594776037,0.00573062906578751,3.04376438224847,0.444385362698026,0.369965161118705,0.00132087160014966,0.293928781920528,0.0363289093245953,0.66260926798051,0.0042488731553814,0.232352093705207,0.206327121384126,0.000275976475763366,1.27304788525438,0.00636038123142617,0.0112266845558621,0,0.00305204761435214,0.00160230845279093,0.00100410112709677,0.00156942126838413,0.000269699099600292,0.0172190567702442,0.000822983829388419,0.00105566041895003,0.0215558590074878,0.0189720726374279,0.0014843885608181,0.00348488073649584,0.000339179971955428,0.000118853713198426,0.397950111858492,0.00791685722141788,0.00353524700510601,0,0.002000806939148,0.00945219205678513,0.0026558534249194,0.000926465205787659,0.00035593182445893,0.000502636451138231,0.0127612054106727,0,0.00411778885636992,0.00209247028774062,0.010376569133455,0.003860655340713,0.00758586589554325,0,0.000309874632670871,0.0145699859195214,0.250671978449138,0.00142545295514139,0,0.00164136693156859,0.00133827145389353,0.0220353241696834,0.00533377694032169,0,0.00053542643583598,0,0.00333561130584216,0.000290979452648596,0.00506265366261553,0.00256889975947516,0.00520294331012414,0.0384806137784926,0.0698233026039071,0,0.01879230197135,0.230166417377553,0.024097287371404,0.000241712795247223,0.0118684043101642,0.25373425675174,0,0.00341008974795894,0,0.0016235540713871,0,0,0.00073714821926141,0.00167153101955895,0.00439874408882649,0,0.00273851424618473,0,0.0445247126675647,0.00219030019168338,0.00549297585377237,0.00310422639806956,0.00105458346062583,0.0359029304015253,0.000311351775751438,0.00312297863653414,0.000132268795891316,0.138864872295475,0.000856829054102941,0.049803524937316,0.00276928901566278,6.51019308191753e-05,0.00175403920031621,0,0.00511215808862201,0.00532844199643888,0.24121815470999,0.051174364321481
0.0076031656264942,0,0.00994684793263728,8.67212484105353e-05,0,0.368726397609826,12.2545065515951,1.24203349945147,0.00679707316125031,0.0223532826294418,0,0,0,0.000113895204873329,0.00073268603297356,1.8085900294415,0.0297751394304394,0.00161859750121005,0.000961634436739907,0,3.25262884021876,0.00133203906170373,0.00624142598351927,0.0761809701953814,0.217363543666983,12.479344923975,0.00143290417207261,1.79926453738726,0.000964183786925085,0.000234157406704053,9.11372949511767,0.0877327465743581,0.000184991284307516,0.023349894091549,0,2.40649443935479,0.0209471405126219,0.0676197378499785,0.000901513540501058,0.179724748701238,0.000729907247336733,0.0132073726737521,0.00318963879777012,0.00140820824594738,0.00316394399302757,0.000160333568319737,0,0.00439566004724523,0.00729517889789197,0,0,0.000373342747792712,0.00095949240456176,0.00694062238371172,0.00478277296961293,0.0815919276956108,0.000284412349035729,0.0255544479620276,0.00390609813029748,0.00160700503536138,0.113128870800309,0.00829126251622363,11.9857653561994,0.00972160030121666,0.0110491986703771,0.00262875187595269,0.00129355624024335,0.0017978734670002,0,0.000668030394129153,0.158409447583189,0.00127323168530363,0.0191192171435126,0.000251781167279888,0.000232150283982395,0.00604078253610409,0.0299896509740421,0.00182755856188187,0.000528389784782306,1.48425760078282,0.000729442602310178,0.12824903935107,19.2422415165957,0.315092718816149,0.001874161188272,1.87722592775308,0.000795896433316607,2.86841490200053,0.354170536781457,0,0.00720921177090168,0.00107670539247122,6.7538486614796e-05,0.000245891927693438,0.000439014217604007,0.0117019593830796,0.000333179943151126,0.00115593225720051,0.000661008875763217,9.65486996026024,0,0.00351037327249649,0.691666881882104,0.001853700699715,0.000429876185561368,0.00308081380128019,0.000263186827379784,0.0931484573005173,0.205574672510122,0.0406328783312076,0.0211265701097062,0,0.00146761817031471,1.16581334626819,0.000357103490398478,0,0.00575611169491457,0.00118760040714004,0.168666932399347,0,0.0875870269704216,0.00844005936385384,0.231149006500166,3.76630302903852,0.0712165986185614,0.00217689643424998,0.000850736257760097,0.00214294236311514,0.57474300433346,0,0,0.00276532132157462,0.00456557641100623,0.00867354773946867,0.0592218518213135,0,0.00319992174329099,0,0.000584077391125922,0.0018082627145237,0.00356533089700206,0.00389092748601214,0.00179639498802349,0.0019539799224352,0.0085077392026398,0,0.173007186711687,1.23591106321467,0.00175829936592441,0.0199351312534303,0.00215301417510621,0.0377765262436914,0,0.000440702636815449,0,0.000156243274638439,0,0.00912067477222881,0,0,0.00588032066964845,0,0.000136061297308795,0,0.288796936595385,0.000231164398167847,0.000239204320804587,0.000301986265773897,8.93876314436706e-05,0.716995892553874,0.000362352696430025,0.00458576307554839,0,2.80441092982728,0.0111457174090124,18.2245591471204,0,0,0.000610172472778362,0.014896184273977,0.00602946911901353,0.0579021643963454,44.0798301399268,0.053279622175313
4.67777976780129,0.00994684793263728,0,0.0027368667835267,0.000510999125836584,8.31739788441418,0.0153471602919763,0.245471964581122,0.0211138273468426,0.0218234099645059,0.000588350986719661,0.00225755937182727,0.000172722884483553,0.000185261517149848,0.0172957147118466,9.64900712849596,0.00069075097886846,0.0266500711217661,0.0518778542319286,0.00102588192642757,0.15610048143675,0.0796642272808455,0.00447803076541111,0.163721031968023,4.27677336928454,0.0652935003181818,0.00270337246784311,0.199666053994475,0.438939159796007,0.0142479882382592,0.000579394549782165,0.0962528835546808,0.00145327746499808,0.445060169174586,0.0013134272867543,0.0110778739565151,18.7113422617267,0.0840384292590707,0.0954729711329086,0.261412366387709,0,0.0424576169494137,2.37929219109533,0.0205171358134005,0.00154262329015524,0.00111761151005014,0.000162604535112168,0.010636002064845,2.23259657274583,0.000863236792956319,0,0.0351236708609276,0.00462526085591538,0.00278869539394684,0.0123734348743086,15.5892499940709,0.00571956200785885,9.81563995595998,0.0225100456576586,0.00247904729587513,0.791807848272776,0.0148990521904142,0.000451098209911044,0.0393777225783191,0.150594397034114,0.0166984651754664,0.276185868344521,0.0115572193857353,0,0.0115571229335972,0.935896226928303,0.137076598014596,0.141515258319504,0.00652243964877931,0.000641026916038998,2.00771420484962,0.0137993216481904,0.191767692800095,0.00179043388148971,4.19084126885335,0.0272913110791806,0.0749788950762649,0.00363838062738473,0.256344319029314,0.00979271946494366,3.88729359423333,0.0100851321263168,0.112937952120006,0.606864087563325,0,3.06249449622215,0.00618284597506309,0.00588191805939965,0,0.000347948439958492,6.6528946012093e-05,0.00469553628971437,0.00181381983367407,0.00178953540985071,0.00410632458806494,0,0,0.0143907255467598,0.00228815302714893,0,0.0110360953482275,0,0.00109107465612688,0.0389054460613889,0.000156380834608919,0.000352206690599766,0,0.000108741623961154,0.00860917095330926,0.000115745558960389,0.000360287447043075,0.000160167772042808,0.000395809136486892,0.00821370087638476,0,0.0113089808492427,0.0134197299911446,0.00146572483938454,0.0198496443973159,0.00434296526450861,0,0.000228217648457117,0.00117587891668381,0.0289460509365983,0,0,0.00377790494016753,0.000549725081717134,0.00164958439703311,0.00713695891685807,0,0.000480045921084166,0,9.6379120034535e-05,0,0,0.00761541656453915,0.000360544371632694,0.00375177663808857,0.00641982351245294,6.21904404196384e-05,0.0986668920695464,0.034691232143275,0.00210176326313598,0.000183583094599553,0.000964252802921177,0.0247130153782759,0,0.000431744188902471,0,0,0,8.01070482878358e-05,0.000158169512487136,0,0.00227094108802783,0,0.000271598366836798,0,0.00644261426367649,0.000203027988828902,0.000426548524003183,0.000140266283846153,0.000131556057977517,0.0080811022804239,0.000138789977911554,0.000521441011313046,7.5299950977777e-05,0.0274177084459369,0.000445042634179021,0.0314968509173736,0.000669704612457973,0,0.000956263109068614,0,0.00836327776764826,0.00281566150184674,0.0920029768675561,0.00759853689610919
0.00303976887228082,8.67212484105353e-05,0.0027368667835267,0,5.47598161573803,0.00849064272038489,0.000351016002342235,0.000665411900314383,0.000981668395653432,0.00272261284461926,0.319437134278724,4.6871512638379,0.000994482015468248,0.000727589552435408,0.379004312393514,0.0221426064326729,6.90552295092434e-05,0.000418486180928087,0.254869596743634,0.011015222192964,0.0110549710414621,0.00101869941680397,0.000128342339889084,0.00422579447366458,0.057469192931521,0,0.0544255062003478,0.000818489981938989,0.0328715327841471,0,0,0.00119888982787013,0,0.00381375697184813,0.328223859083398,0,0.00132447205847852,0.00116486080180363,12.5078305658292,0.00308532298777171,0,0.000366259286855189,0.0508284992365256,0.784469768992374,0.000413697028951001,6.8492812985257,0.00599009398187747,0.012765713845761,0.0887801659964327,0.00266764468779082,0.000532103269832284,0.004459619561102,0.620314701446808,0.000301543218077994,0.00596316192611607,0.00283234408541756,5.15526275915358,0.00629778295126425,6.65098574555872e-05,0,0.000993885337239134,5.81227453085205e-05,0.000128740812768106,0.158966941098771,0.0381377330670942,0.000623697604782213,0.0115302668591632,0.000402702924375706,0,0.0437385355125177,0.04809000824379,0.151657466375843,0,0.00451879558450537,0.00451827229518703,0.0768366898203477,7.70454301594189e-05,0.00896781309019558,17.3300916192373,0.310811374300143,0.000609502829608364,0.00832304645627893,0,0.119005430422557,0.0354410589139335,0.0130055332242128,4.55304537716559e-05,0.0028281156758149,0.00817556445126291,0.000104721063870137,0.00364730120315663,0.00443231307058822,1.37910640212107,0,0,0,0.00141191451114828,0,0,0,0,0,0.00210184478825919,0.000477766558384569,0,0,0,0,0.00294445005184769,0.00101842256083953,0,5.89980625779682e-05,0,0,0.00108419079108837,0.00262334278297511,0,0.00235266644353181,0.00127562398197621,0,0,0,0.00018104563037291,9.62112079817539e-05,0.00112461334141631,0,0,0.0003200781648024,0.000644054910734423,0.00137287947072176,0,0,0,0,0,0,0,0,0.00465333814125008,0,0.00042549792468309,0,0.0076867969085989,0.00512037932220694,0.0175388998386618,0.00170307499737289,5.37394910983704e-05,0.00110911502383687,0.0188863499985762,0,7.71739168269519e-05,0.0030703022044275,0,4.09512948515364e-05,0,0.00258362514354722,0,0,0,0.00229887607702107,0,0,0,0,0.00180129936901414,0.00297155449802325,4.37400736808431e-05,0.0111505822579441,0.000915761326390244,0.0121739545366528,0,0,0,0.00170964005230253,0.000217281621670173,0.000420122405968084,0.00756168324785749,0,0.000665092993185083,0,0,9.21788194077969e-05,0.00102846138010378,0
0.00202719880734501,0,0.000510999125836584,5.47598161573803,0,0.000712871714306118,0,0.000829743959434521,1.49089563638619,0.00336471449478378,0.509885369691505,0.120009464238628,0,0.0499802415664909,0.604604226472056,0.00588048034553179,0,0.000725380764349827,0.443228415339157,0,0.0393434021083047,5.83751748204323e-05,4.12148868358881e-05,0.000317131134588399,0.0825121036518174,0,3.06032489660243,0.000289110592544405,0.0157033298128334,0,0,0.00118818737298772,0.000142277765872023,0.00356144546449118,0.625481191374181,0,4.95789302032731e-05,0.000269026152438868,0.207843257839369,0.00521612240680681,0,0.000280258434821077,0.0103664329774567,0.0655373653646167,0.00330308071956591,8.63290680679867,4.83744373756276,0.00343743054028576,0.0520839029729035,0.00564024813164953,0,0.00105430627100396,0.57005358672393,0.000323283874076995,0.00445320086795558,0.000568573689669664,11.3357917989009,0.000940974884260849,0,3.95560439963886e-05,6.24363717258549e-05,0,0,0.337310293429506,0.073901312036914,0,0.00457225311252854,0.00104879442966229,0,0.00181615080838361,0.0632413078201194,0.174804858738195,0,0.17063535758501,0.340227385667404,0.0317812448359865,0.00030458319554328,0.0173206111289382,8.85496441572911,0.344858974751808,0.000255568837093054,0.00674444738174858,0,0.391389728902171,0.0685087022405002,0.00511666306259551,0.000112555286760068,0.00679680772948788,0.0213763089206736,0.910585703125503,0.00332199423767524,0.00790649224871721,0.120989717602483,0,0,0,6.1591879071289,0.000247676835235567,0.000319381264686707,0,0,0,0.0212103573593674,0.000267786667496571,0,0.000909307740105533,0.00053624927823819,0,0.00441734407108878,0.0290996097223913,0.0033925583917193,0.00319747027928448,0,0,0.0425200216512702,2.72562523717091,0.00238059115861504,0.151747847324543,0.000204681733981523,0,0.0036887020311206,0.000462009921775031,0.000936411822113829,0,0.00737796607251261,0.00121431353581741,0.000126290960554562,0,0.00074116985819831,0.0146378178002625,0,0.000100675498355958,0.0139748579806662,0.0018662593950349,0,0,0.000624747839419223,0,0.203631963240006,0,0.00565426390422455,0.000625964579412421,0.740654981404144,0.0178122402401656,0.119734669335012,0.0293139770607915,0.00128919743002615,0.000982173905252748,0.44305610769293,0,0.00147131683107458,0.00891599085844995,0,0.0151521780895159,0,1.11829290975468,0,0,0,0.381664657050213,0,0,0.0040617681322778,0,0.0746603137480329,0.0948118531243763,0.040167652164017,0.618191044723595,0.0231670505796996,0.274584051295109,7.70049627047322e-05,4.24698563042843e-05,0,0.00223016524970542,0.00123016367051597,0,17.7925626415862,0.00189103645937878,0.0316256591558535,0,0.000306654209355752,0,0.00131705116884329,0.00119713177632651
21.4632753949987,0.368726397609826,8.31739788441418,0.00849064272038489,0.000712871714306118,0,0.0680956302611928,8.52406961700471,0.0307260574457167,0.0534636744982421,0.000159110830305266,0.00501154497429682,0.000965821136484744,0.000999885478611049,0.0218077262048203,15.5183846445588,0.0116924248903149,0.0431438553579267,0.11211553234683,0.000933961096774192,1.91029566702629,4.33663407073562,0.0580717226353184,1.18961816926081,5.36244981478981,0.795545882883993,0.00717116005498118,0.294338797169278,0.175796578918459,0.0510889757493753,0.0127756772347393,2.99863876126637,0.00230767363582322,0.582830805435654,0.00172329380261943,0.0771628241864655,13.7181690154575,0.447492646095985,0.339162838325297,0.616346329843672,0.0030772960285748,0.116407863417177,7.06452580533533,0.110015981775659,0.00953210798810566,0.00252719617423209,0.000234835456098037,0.0207854625926113,2.53416626905656,0.00813056810284952,0,1.03098436457354,0.0129663431630484,0.0541810850353646,0.0736979783895723,8.96877871758777,0.0065015915484595,1.72515491166262,0.0348578651709922,0.0434542434904678,16.3853573187838,0.0559987532941853,0.110935422139823,0.0915429429183567,0.220061978509256,0.0702724752856482,0.84020931461843,0.0211789220859977,0,0.0898050868677587,1.6253301270879,0.326786488487194,8.57960406171332,0.00493403149011812,0.000670523080231359,4.4205331153399,0.0285978131956385,0.236993635584742,0.00366042186979194,8.68101506877074,1.15833186172741,1.72820588349469,0.0688629615051074,0.793853364809218,0.0471138408877629,9.75720059323156,0.0229371539460897,2.7992933945254,1.45313214422254,0.000396488440588512,1.24472852078356,0.0187058028740908,0.0183320989460401,0,0.00212660366774815,0.00375519953818224,0.00201565406855977,0.00320770370940728,0.000787211777239769,0.045318110537482,0.000181737300551125,0.000273668806907506,0.0374772991363987,0.0112843304873669,0.00074988689283941,0.0132503976612638,0,0.00808319837063173,0.263472088570511,0.00557353702552523,0.0060133996845268,0,0.00321911711501686,0.086096676066798,0.00224677060500141,0.000407304047183587,0.000128919865327754,0.000996567894550821,0.0464157626640389,0,0.0220328335426909,0.0329275540259166,0.00810130842770079,0.151311091765423,0.00815711654992478,6.53734045369357e-05,0.000450250874934882,0.0145060815323364,0.197371037515225,0.000404009120721634,5.53614360165747e-05,0.00453079170099872,0.00132704526008032,0.0221736078309,0.0349446201418389,0,0.00198959696739805,0,0.00236496138155341,0.000613302053333722,0.00503162401411277,0.00898205092808907,0.00245974784528726,0.0176532830001882,0.0279248698552251,0.000129238820687286,0.203627664273155,0.241303441762141,0.0155940808413238,0.00169605367287076,0.0102185045560685,0.134231255066791,0,0.00217478264208875,0,0.000528739903970917,0,0.00288811958085888,0.00162477255912039,0.000753794681257189,0.00342827739583913,0,0.00261940928180446,0.000367093784740048,0.0245010855818189,0.000985734498012677,0.00385669759046753,0.00311308732065434,0.000364319679337407,0.0290112657837088,0.00112135820886053,0.00438438311428343,8.67821493899419e-05,0.426633428383755,0.00432460452247148,0.589104063501395,0.00122863090758574,0.00107737624144017,0.00185114545375312,0.00969090464928164,0.0139168479568264,0.015828084120801,0.914246608848549,0.0525921087394606
0.00199368361300569,12.2545065515951,0.0153471602919763,0.000351016002342235,0,0.0680956302611928,0,1.08308130609552,0.00519775527486549,0.00793750888808874,0,0,0,0,0.000127668433037617,0.13671450405725,0.000674911585550102,0.00303424125099913,0.000292811073416391,0,1.07506774726528,0.00151714524078014,0.00103789389534157,0.615518275955437,0.260231581058919,3.56229317545674,0.000422253152060145,8.31541046994943,0.000252954153133556,0.00469239657488803,0.00320735283819517,0.154797768570391,0.000207743323922497,0.0398236376941311,0,0.394745281353947,0.0031508769623662,0.0495467053534919,0.000240642878524744,0.201641380241369,0,0.0104112951130028,0.00229246520142275,0.000533565221488508,0,0,0,0.00559036977788436,0.00213530028367088,0,0,0,0,0.00169871134101592,0.00189370558329649,0.146833936150605,0.000118089391545924,0.0461206888617618,0.00554848380948715,0.00210680936245756,0.573908437186401,0.00442119958882435,2.77390196211752,0.00190856902208776,0.0235572131861916,0.00969071738878282,0.00109736616147551,0.000701845843187185,0,0,0.219704614595826,0.000110756924621933,0.0124543342728475,0.000126657038835918,0.000141441437235371,0.000973912400310326,0.0158074099292297,0.00362662087239198,0,1.31959161623176,0.000137422311354314,0.0571587853724126,0.230631868661471,0.247636004475528,0.00272861412754819,4.20816771876294,0.000662110795787083,2.57845796418055,0.373988394010529,0,0.0191392259433042,0.00115427754056319,0,0,0.000538835088504915,0.00970005705247572,0.000654939770316998,0.000428880754117072,0,0.0355472888934814,0,0.00059431112876052,0.0175935205951043,0.00064165148038268,0,0.0025582525261109,0,0.0338783845223857,0.00875605521025183,0.00127413839217986,0.000321277024588205,0,0,0.0567041755793108,6.34291102754028e-05,0,0,0,0.0454994901617834,0,0.0045484837392138,0.00465964783389237,0.00750739255854352,0.630696593864955,0.00315128249673858,0,0,0.000477633850609969,0.0107908576965235,0,0,0,0.000103585928460151,0.000811039956045987,0.0252374546514105,0,0.000343936002716523,0,0.000383893918118165,0,0.00371511763054134,0,0,0.000184293069415992,0.00107366296269251,0,0.0570373189869842,0.0108086539481503,0.000217128452439148,0.000487990555409247,0.000181396126497512,0.0128367873485966,0,0.000229662841276619,0,0,0,0.00818957250065175,0,0,0.0025720004833163,0,0,0,0.0028601013259503,5.63768174865814e-05,0,0.000107778668824647,0,0.00669753690976865,0,0.00101450559426387,0.000329005563279444,0.109658562200383,0.000476560538703531,1.46308549299782,0,0,0,0.026621815120767,0.00131012152576072,0.0473300887832333,0.95749477804749,0.00236964161251881
0.62902368720652,1.24203349945147,0.245471964581122,0.000665411900314383,0.000829743959434521,8.52406961700471,1.08308130609552,0,0.0157129959097193,0.0697626979926074,0,0.0012895664544121,0,0.00520088337554935,0.00743856773486978,7.64686114437982,8.1263598972128,0.0109085349288333,0.0546573670038149,0.000392128282743336,5.81161175425843,0.161474433582755,0.0241027323738823,0.716239387956568,1.93795278541451,21.1421204851223,0.00264618535840734,3.03137108017343,0.0229974570692092,0.0139246719425167,12.4871342601863,2.59021876738412,0.000291316286402626,0.124775499690615,0.000462853637582003,0.113139073494808,0.343517104582092,0.23839949500364,0.0280639456565461,0.409192062990494,0.470771012404021,0.0407610937636242,0.0861179267629487,0.0186088631253137,0.00176227152706187,0.000489882739466123,9.94158413275461e-05,0.00973991510674361,0.866512515628448,0.00204260183615305,0,0.011345558851858,0.00271647525869704,0.133434509474677,0.0139709726219452,0.284613524231275,0.00282038025463296,0.217948814521262,0.0155088012583263,0.00995467781692776,1.32709716397865,0.0180606299341047,0.0742272054736023,0.0670241562123933,0.0712654778990276,0.0256380401130303,0.0315960944155681,0.00647019320373824,0,0.00736210838768491,0.812302425011081,0.112357408682829,10.7561406475879,0.00397174861890125,0.00198381406057252,0.607269289807002,0.0487129895576197,0.0315394548557805,0.00131134107523015,7.4552817951281,0.0179478336786922,0.661266848847514,0.0987902436485368,0.953820909017157,0.0257688395115281,2.89810289315141,0.00525993282923306,1.18557013502133,0.865375225074617,0.000709799379833516,0.0902096058765288,0.0080120839293917,0.00456962268414904,0,0.00547337807938197,0.00132789345080982,0.00192155956180225,0.000921895777979389,0.000963109621786029,0.184884902017458,0.000295951981753171,0.00166726451765368,0.0462065175463156,0.0500976931676998,0.0056366188324247,0.00381611823714668,0.000739433979100279,0.00405077842304113,1.17829756870667,0.0144709531611073,0.0142890629674454,7.5835348756814e-05,0.0112424882231978,0.161981346046512,0.0050979624425163,0.00123868439374911,0.000174835306753561,0.00133892435639179,0.0497503839136563,0,0.00524861730063159,0.0135526279670584,0.02481980143924,0.081016632893967,0.0125029696587326,5.72203291893357e-05,0.00303899985400234,0.0669778933209543,0.910235832877949,0.000629684520577501,0.00101550023331018,0.000923148182791474,0.00289027380253068,0.102155154837356,0.0242103285433488,0,0.00122921470141345,0,0.00575449391084771,0.00110343261585322,0.0127692072789696,0.00068768744547619,0.00704363518437555,0.0542454587018102,0.0960833127735641,0,0.0845302277255878,1.329690069487,0.0287531288100403,0.00555592280632011,0.0509614664839474,0.509076989610873,0,0.0128492169890723,0,0.00418487188802341,0,0.00241583629921577,0.00195731529407069,0.00118190059498313,0.00443231949636136,0,0.0104752988022326,0.000394437379966894,0.0680271757153298,0.00321230635404659,0.0137633104142624,0.0065348799185942,0.00138452052249267,0.061235446205166,0.00278088700448073,0.0260631105818163,0.000400230919842344,1.37588353485521,0.000968483298867517,0.748886997009226,0.00351576245718673,0,0.00261727536681528,0.00198094804388905,0.00728694218359056,0.0177995856196474,2.17096610263,0.259549723377484
0.00402531076243457,0.00679707316125031,0.0211138273468426,0.000981668395653432,1.49089563638619,0.0307260574457167,0.00519775527486549,0.0157129959097193,0,0.000349128251806302,0.0106356117956123,0.115018948301366,0,0.000694312379365689,0.0468197223171974,0.0106869456506403,0,0.00668154575314739,0.0495611077819845,0,0.00540230326495095,0.000780576675252526,0.00088772531273066,0.0485631963031203,0.0174973744604248,0.0270736536806997,26.8176075496037,0.0408851558469084,0.00189689305921028,0.00213602838160317,0,0.00313245269999108,0.000233682123264954,0.0500397055623672,2.36415286825522,0.0068620063453335,0.014617695899325,0.0333217454755952,0.00885704547787704,0.0978146413083487,0,0.0189257727921786,0.00475432297705483,0.0253985461703652,0.000733880125393899,0.00582808389035725,12.534966558326,67.1092290257869,0.00274746096607145,0.000558113435224007,0,0.000204108903910927,0.0812608258306384,0,0.00174341619483286,0.0373482019548416,0.766857850014346,0.012859928299558,0.00406315866078504,0,0.0438536272155425,0.0085459043708666,0,0.0235316626650881,0.0474172375656689,0.00771095576607022,0.00160722311062577,0.00146598264974777,0,0.00101819479307868,0.120971878429518,0.00964494661534706,0.00424094332815248,16.9265059905158,0.0676634050475628,0.00496319026572742,0.00286956459877582,0.0054677253363806,4.21423060818137,0.095200024282758,0.000132057030946655,0.00230079158797822,0.00300170140293215,0.456033853189689,1.01013124001968,0.176646405553853,0.0018230098836525,0.0114318551958758,41.4038291775963,0.0185572962601214,0.0181437179773881,0.00512012446050891,0.0017573641385812,0.000731805958426666,0,0.00329393889961196,10.2569253890353,0.0027270276556863,0.000301655786537465,0.00135183386480539,0.00123206898411991,0.00771287678646429,0.0982086917688567,0.000636693028939707,0,26.4823873346682,0.000804368320982776,0.00110496963722926,0.00239552413898181,0.00743451561425475,0.0199939573311378,0.000151972392699448,4.70841694412034e-05,0.0549132136186568,0.0482503846649549,0.0322080564792867,0.00518446428373522,0.199548394103804,0.0345829972945682,0,0.105765880341823,5.26596791620529,0.00296592085192813,0.0538594080501211,0.0315500094322105,0.00192165427893689,0.000294926688100342,0.000192655053047172,0.00228747470461279,0.00418905977930147,0,0.00448148040489559,0.00543622554317208,0.00615934022959951,0.0252611475607939,0,0.00934861573453196,0,0.119185517963441,0.0100589422693335,0.0005572305735364,0.00356824268319418,0.00307307852770698,0.00410166250702572,0.018017548760197,0.000188415140484417,39.5467329997056,0.00018955938443453,0.012398244328193,0.0195238774924445,3.87718775281543e-05,0.00736819510915485,0,0.00500208909278068,0,0.20624261423186,0,0.00651929354118642,0,0.256127936530681,0.0186343957263111,0,0.000487551764877594,0,0.0496338240632505,0.0740788717044641,0.0135521444765899,0.0228944953192228,0.00050348633561524,0.199695359055158,0.000542403778015718,0.00063950019930558,0.000324142692401261,0.0435980470614917,0.0230766360082618,0.00631764272175866,1.15482992006169,0.000327815200702704,0.18041746567291,0.00268876793941897,0.00512610722213835,0.0302533665989076,0.0715714184088476,0.0187097389418214
0.0256462768640667,0.0223532826294418,0.0218234099645059,0.00272261284461926,0.00336471449478378,0.0534636744982421,0.00793750888808874,0.0697626979926074,0.000349128251806302,0,0.000771693481646187,0.00964994614096665,0,9.11199499942362e-05,0.0376729616302685,0.0215682760012912,0,0.0135418019567186,0.193811303285794,0,0.671184549450858,0.00419110445009792,0.497764281651631,0.0143676319613486,0.363206557421115,0.024795733554424,0.00453706271659731,0.0263776708370048,0.00945987752879997,0.000793626436293851,0.00042544109336104,0.034763875369066,0.230175139647295,0.0704972501036019,0.0132240626865487,0.0341155682926631,0.0264354896160866,0.0160822063852289,0.0230175237971964,6.71575139710066,0.000817613916878041,0.0145568286130935,0.0326133093273213,0.0266460960967928,0.021196473355648,0.0084228652871521,0.00095912613009224,0.00211720978821382,0.025091936426641,8.51723818585985,0,0.0054560067943565,0.0204453674579335,0.00454402261479449,0.0132423615984884,0.0274483211077888,0.0126618628926704,0.0077539693117296,0.00217149860652352,0.00118540035903259,0.041331922522255,0.0109607860933038,0.0041810572538905,0.0997948441759741,10.9746712476091,0.00134355408210028,0.0154529761215379,0.0881764129696462,0,0.00375141106340559,7.93208064237707,0.0123862852401036,0.00683406732018456,0.00515932855678216,0.00134382219606224,0.0247444950024371,0.00201991639613291,0.00307473357335354,0.015745025034323,0.202659546388882,0.00149473001145383,0.105609499039299,0.00394743856315391,0.0976890474012561,0.0916566841708718,0.124433721596303,11.5064053288074,3.01462704830015,0.0909265620920009,0.000462296934723386,0.00847684224361881,0.0893698946971072,0.00612579470735741,0.000364054637485199,0.000984412023227405,0.00187373869619476,0.00288260952962999,0.00240995127553769,1.59860159499415,0.00806600531520776,0.000229619561918811,0.00214975057004742,0.996473028714708,0.00812517998732507,0.00028512215329055,0.000869916543943678,0.00102065702441496,0.00220623258786144,0.0426217712299075,0.124991872112118,0.00642848586333441,0.000652326165113959,0.00104677112800302,0.0334823189083683,0.00693022463328336,0.00125960657156306,0.00255279950093055,0.0018873133921369,0.0218497469491536,0,0.144416554364941,0.00031313584957738,0.00968821839291481,0.0361338913051575,6.92571890788264,0.00238574259675661,0.000102195852625178,0.00370404735855396,0.0318143635516236,0.0027771950212313,9.37179022483872e-05,0.00355640679498178,0.132828840386433,0.0057587746716717,0.0277727913599585,0,0.00830354654681425,0,0.00908083287833907,0.00581707345913929,0.00590962640789295,0.0101045662865035,0.00776823953049874,0.00922441584977454,0.0578267170942496,0,0.0440487955736474,0.0335273408312107,0.017476292079446,0.00203833070525387,0.00240722043113607,0.040611431851814,0,0.00342432387015433,0,0.00154719666198618,0,0.00165175626952385,0.00135842935391374,0.00415699296948011,0.0103585783705113,0,0.000853034637402591,0.000131122417643411,0.0526537605118487,0.00789146749607661,0.0077976099845475,0.00557262798998292,0.00140267384734827,0.0493903541566555,0,0.00116957000242326,0.000493446241772648,0.110008639671125,5.55003964032415,0.0340634567314805,0.00953491537322625,0.454620562841975,0.0478643549412436,0.00130327832711614,0.0274383450726256,0.0102692205516888,0.134099249239467,0.0299569002874436
0.000792841599709,0,0.000588350986719661,0.319437134278724,0.509885369691505,0.000159110830305266,0,0,0.0106356117956123,0.000771693481646187,0,0.0847133506584344,0,0.00368722779230218,0.160334309697855,0.00445312739943987,0,0.000228554524160335,0.103750117938677,0,0.0346270804135305,0,0,0.000511282447694432,0.0167349044257137,0,0.128187678648079,0,0.00455185635911385,0,0,0,0,0.00108097192016427,0.248461561051702,0,0.00038933386954489,0,0.0729456996321801,0.00272742147850161,0.000370860389779066,0,0.00443682565124361,0.0770402986991553,0.00265719153930073,0.634382760013205,0.166172440299175,0.00207517563652662,0.0183040319230381,0.00113890390185748,0,0,0.703518336515457,0.00157913587746278,0.000474660609943048,0.000371934521279449,9.61951697061101,0.000256618412292631,8.43540262727839e-05,0,0,0,0,0.364102462024909,0.0176680787831546,0,0.00210060604627977,0.000263328260571958,0,0.000354930590321947,0.0102471229955319,0.0572882780150714,0,0.0834832616183077,0.0407744340499945,0.0121996514270828,0,0.00389232017488606,1.70502825123493,0.0803196027244197,0.000189006577684149,0.000401747339160725,0,0.365730974864391,0.0133781246494167,0.00213563298818318,0,0.0092577008110811,0.0036068077077299,0.00954772789424263,0.000599042395390031,0.00180021908598243,0.736684776536938,0,0.000319422896210633,0,0.00658154894210643,0,0,0,0,0,0.00176109876321967,0.000162397432126051,0,0.000304386932882886,0,0,0.0049368250767251,0,0,0.000912013751103741,0.000224765188639679,0,0.00241655518788548,0.0186816972630138,0,0.0148374097596555,0,0,0,0.000257669683367057,0,0,0.000176498877394967,0,0,0.000136520978381209,0.00110621849188161,0.00457877039153636,0,0,0,0.000157922284984104,0,0,0,0,0.0233382632065057,0,0.00367975242635836,0,0.0443548873194825,0.0212711198066019,0.071470625408822,0.001591858509408,0,0.000584448441135286,0.116819052505635,0,0,0.0132700682534274,0,0.000900583770861762,0,0.0251032756589139,0,0,0,0.00919097942399216,0,0,0.00017016236049737,0,0.00755757437917875,0.025928391988094,0.000111005475132857,0.0674139958081833,0.0100805820229584,0.0388290751561906,0,0,0,0.000120333089184355,0.000369823878176863,0,0.0359205855942382,0,0.000365584115289905,0,0,0,0.000395597350374406,0.000300130377791471
0.00243737307733103,0,0.00225755937182727,4.6871512638379,0.120009464238628,0.00501154497429682,0,0.0012895664544121,0.115018948301366,0.00964994614096665,0.0847133506584344,0,6.59601784700186e-05,0.00560151844395987,5.8357451512045,0.018455511364193,0,0.00238407013445741,1.6691077927595,0.018631050233635,0.060439189490977,0.000528646226885364,0.000291100191831286,0.00283852935121709,0.141430859058499,0.0002351061378119,0.582622492413453,0.00226461746931373,0.373786359830816,0.000832602105919802,0,0.00196470925299331,0,0.00758976343843222,15.2839614465221,0,0.00221321748006557,0.00086918639169259,16.0486032711413,0.0101339638536349,0.000234760041519453,0.000428742658171856,0.038651743040853,2.28431768933896,0.00268761150574311,12.8716833933738,0.0600575987410639,10.7828816747586,0.0815936258218517,0.0111482635316295,0.00179088423477755,0.00128549268557759,1.87823060525171,0.00135060071009465,0.0107039997501225,0.0047207214270768,4.07875130291734,0.00597750307788152,0.000404573502278821,0,0.000292146766790154,5.61189292685935e-05,0,0.678065986464946,0.133527114905939,0.000671318763625283,0.0268670967720356,0.00290870495818358,0,0.245948342543259,0.117369740939642,0.255195658176895,0,0.0376191166681963,0.0389928402870083,0.0449921260288588,0,0.0305795738301021,16.0712555321031,0.517401476769118,0.000554167290536146,0.00652298724354294,0,0.791095815144238,0.407744414718501,0.0204664449045799,0.000730546099682937,0.0141675495899881,0.133536951924799,0.0077642301391722,0.00755241123959645,0.0163284199775704,2.31128106079665,0,0.00017937213263341,0,0.0124720305828627,0,0,0.000949714826329377,0,0,0.00811983799384096,0.000233882349631532,0,0.0140860778468018,0.000995613152487342,0,0.00931598738565146,0.00159527047065563,0.000491804714099764,0.000844553433036104,0,0.000458954636307471,0.00691667520924897,0.0211593616517531,0,0.0218757672497437,0.00190588503526855,0,0.00304420751885529,0.0462260412982725,0.000566656575068473,0.000408129203076542,0.00704889151731056,0.000133068173064482,0,9.01540617446236e-05,0.00164239141607919,0.00636162506529056,0,0,0,0.000496513617062464,0.00201197705073946,0,0,0,0.0430006371233976,0.000662368729789052,0.00380735379565163,0,0.0647663454463996,0.0194697886649601,0.140854702660337,0.00308472251697408,0.0650803108513854,0.00185946970750176,0.159340972363955,0,0.000147851257163968,0.0183569197472965,0,0.00140146574596807,0,0.0297289796115528,0,0,0,0.0125151635021449,0.000578046401908682,0,0.000192279186861401,0,0.0239019926394439,0.0261805514661391,0.00130305664806217,0.0884379000381526,0.0118031318724578,0.0858610418503758,0,0,0.000126261907164129,0.000563122397869431,0.000786212552196155,0.000453161360530557,0.0508994655030694,0,0.00314559007514264,0,0,0.00020700846315452,0.00405554090510906,0.0010662635386355
0,0,0.000172722884483553,0.000994482015468248,0,0.000965821136484744,0,0,0,0,0,6.59601784700186e-05,0,0.000385094564767895,0.00256390291048025,0.0014760097353297,0,0,0.000596703636224216,0.00291265941163323,0.000546350324426882,0,0,0.00147740858532496,0.000841918690006684,0,0,0,0.000163567864192176,0,0,0,0,0,0.000551102864470528,0,0,0.000259749369327998,0.0200136729096359,0.000183596381362504,0,0,0.0109164891327691,1.94240433563739,0.00020040570258513,0,0,0,0.00352797068611619,0,0,0.00591233428061124,0.00341019573808174,0,0.178632715255233,0,0.00137097868821542,0,0,0,0.000141974102999317,0,0,0.107441937077713,0.00017302935310445,0,0.0149357404057078,0,0,0.123565242093717,0.000499364765868321,0.000820032554229409,0,0.000187122945854792,0,0.00156199771579389,0,0.000297478579132713,0.000243547423231192,0.00726372476367865,0,0.142591203478752,0,0.0173894247982073,0.000200140621791094,0.000633972536557588,0,0.000124135024421903,0.000451439399594888,0,0,0.000124646874471291,0.00348619992116767,0,0,0,0,0,0,0,0,0,0.000332382690725712,0.000146392079546052,0,0,0,0,0.000972132173801122,0,0,0,0,0,0,0,0,0.000116227765367675,0,0,0,0,0,0,6.13003676025732e-05,0,0,0,0.000127796892650852,0,0,0,0,0,0,0,0,0,0.000376166844536046,0,0,0,0.000161097933874319,0.000332816717400597,0.000996094059312945,0,0,0.000249774651886234,0.00161975320296812,0,0,0.000498044446234129,0,0,0,0,0,0,0,0.000346588037011522,0,0,0,0,0.000657858875809119,0.000278567382240334,0,0.000849278520065184,0,0.000236564903005401,0,0,0,0,0,0,0,0,0,0,0,0,0.000278733238044146,0
0.00188682383142972,0.000113895204873329,0.000185261517149848,0.000727589552435408,0.0499802415664909,0.000999885478611049,0,0.00520088337554935,0.000694312379365689,9.11199499942362e-05,0.00368722779230218,0.00560151844395987,0.000385094564767895,0,0.0157026864993006,0.00215520866244377,0,0,0.00131755298004343,0,0.115268327787254,0.00148046864828696,0.000391710614499444,0,0.00107191858143702,0,0,0.000147830244998606,0.000296774713203283,0,0.000331444046076252,0.0179596961658171,0,0,0.00556088736743581,0.000366897565964419,8.78786250741309e-05,0.000631440363504187,0.004109111899599,0.00254536420871495,0.000895319296176761,0.000220207585667036,0.0170723433497397,0.0468654254112854,0.0178968729501507,0.00367852451856803,0.0936799025157313,0,0.00463677496065694,0,0,0.00368023245788718,0.0153749243495007,3.79896806122541,0.0345047903662853,0.000327556040754913,0.10178994153096,0.000217173821845325,0,0.000786210280349495,0,0.000746350712058176,0.000885994393024503,0.111799054152812,0.000143819214783571,0,0.00502961114154017,0,0,0.00152803554347496,0.00264001835946909,0.00224399094609021,7.42599416096454e-05,0.0294386304805637,0.248038787279386,0.00142999373183707,8.03297378952107e-05,0,0.0101294461169346,0.0193678368302851,0.00101965603437593,0.0728487054307836,0,0.215178572070007,0.00130707833401153,0.000805540012188386,0,0.000499765725185425,0.00109685301235305,0.175639962133175,0,0,0.00499654973284489,0,0.0577758621327771,0,0.0882017816136509,6.99480067798937e-05,0.000826604988051465,0,0,0.000177845194642519,0.0382989786599188,0.00173035093270592,0.000145204936485246,0,0.00286252134926163,0,0.469888539199171,0.0159706355543157,0.00193913341103979,0.00124209360679911,0,0.000233583664078396,0.00424663575067381,0.199665918673571,0.000831181986750119,0.653511444384121,0.00366477859946414,0,0.00258798096052781,0,0.0143445593724906,0.000181979082190615,0.00598756920086501,0.00030286549663403,0,0.00713707499625897,0.000196336062682823,0.00128982803702056,0,6.17575059046818e-05,0.00568603313031719,0.0282554911063056,0.000249035045343125,0,0.000357424788858178,0,0.0172281215567309,0.00033722054360841,0.171998550638194,0.00122921251019935,0.152028771250368,1.53397119408663,0.10708071044659,0.011711815148928,0.00265203274999587,0.135744265162512,0.658670522825677,0.000121424205497963,0.0161431451832052,0.199884502920614,0,0.00190258472070574,0.000100813077050068,0.183313241738279,0,0,0,0.0206016541795897,0.000567308037845899,0,0.00425073081212928,0.00157858437324972,0.097037337534557,0.0399160530189753,0.0116020879764423,1.52451400272136,0.011563203350136,0.383308224176719,0.00223752736339199,0,0.000110098083984593,0.229386843210554,0.000822876359005095,0.0216826134152619,0.173089000684437,0.000171661075538095,0.00451633224318638,0,0.0015588137552873,0.000697385846204277,0.000495756308824813,0.00313405374764489
