0,0.05305972968979,2.21950625487354,0,0,13.3057272530717,0.0843238536668015,3.33581118449589,0,0,0,0,0.0111804547448283,0.0223012898174242,0,0.210867169192272,0.0246657718809257,0.00721878445551293,0,0.00853794954777025,0.014318924359495,0.945341396382049,0.00742934387738335,0.186737195143865,0.11865979599634,1.54379136596108,0,0.0454433620792564,0,0.0461414945861707,0.00369437777947447,1.11195268683778,0.000941051261147804,0.106810960138263,0.000410322683964112,0.0731880509961915,6.89907621072204,0.153119981294594,0,0.00131409485652757,0.00992394649828485,0.0331985137705849,0.418245888598376,0.0165350446586897,0.0199363721027435,0,0,0,0,0,0,0.878483593567167,0.00107140626496265,0.021202797402485,0.17085202582238,0.147979249699749,0,1.18321177170202,0.0200766696680496,0.0889332955375458,0.13955523756221,0.0227355351006148,0.0820852805390736,0.0017243950766555,0.0111597191696865,0.0919199285190321,0,0.000833466407256867,0.494507220885495,0.00110780626574806,0.000642025821499348,0,9.15756122317748,0.000733152326159657,0.0833035419527561,0,0.0354529237831939,0.0150912287245358,0,0.000276300083069708,0.197890720235527,0.020125431052865,0.010537510710891,0.00146465367493293,0,0.00631727491055786,0.000753485996743217,0.0412399204981176,0.00170674204047781,0.0057058398161063,0.043529744379133,0.00348950003622994,0,0.000454439385178017,0.0023200086968633,0.00111978413488345,0,0,7.56587524722179e-05,0.00176430255682579,0.000429845988453581,0.000448537708941355,0.00604392582605098,0,0.00558914867091449,0,0,0.00260918854055032,0.00142386808223357,8.24111501334314e-05,0.000495439897385531,0,0.000251814264948464,0.00192086523868129,0,0,0,0,0.00416230234616799,0,9.97969817713238e-05,0,0.000788587352366883,0.0102923883010589,0,0,0.00037641049424585,0,0.000275571455641998,0,0,0,0,0.000418482497739196,0.0187570374708138,0,0,0.000382852350841838,0,0,0.000188909514968579,0,0,0.00228350552742765,0.00036522015630243,0.0111604100331085,0.014134266312484,0,0,0.000581923320922073,0,0.000514421402762777,0.00238922321106369,0,0.00139984176622006,0,0.000106989656038552,0.00120269237461699,0,0,0.00188257536452212,0,0,0,0.000531395423014551,0,0,0.0498541297192646,0,0.00339202274919173,0.00423824534770089,0.00147095275493344,0,0.00392202622330936,0,0.00395936085000237,0,0,0,0.00169794274726072,0,0.00157043378254824,0.0470490355625651,0
0.05305972968979,0,0.0966405452536946,0,0,0.515249933148622,1.02547859227811,5.08883397132118,0,0,0,0,0.0185870034022472,3.45329614741013,0,0.0203201304192985,23.7794279140654,0.101543889089483,0,0.0273340573169151,0.417020801998882,0.0235295901447994,0.432747947793406,0.821351926453826,0.427611689783052,0.217169614131865,0,0.0429863249903829,0,0.232439936558347,26.1898124508756,0.514420454415856,0.213927443181834,1.05777527443189,0.00519965582916032,9.24498401542974,0.0534816318686143,0.220818504451911,0.000722972214336074,0.401311617612484,5.19546446204932,0.286356069659839,0.00746649316093083,0.17543030128232,0.0495282712620548,0,9.95706523500024e-05,0,7.00938326759571e-05,0,0,0.0582620821345522,0.0200938265232043,2.99407766686667,3.44354445226874,0.304988808853974,0,0.96511650112928,0.0557244161359442,0.911152725642015,0.149931515265767,0.669609197745833,23.5276029235346,0.0393010821676919,0.0892970533004827,0.102566238544245,0.000110743110813883,0.042029194006612,12.9464142442158,0.00249259303363891,0.000994231401006082,0,0.0323985923744689,0.00828056061796929,0.206059471705625,0.000181315985347166,3.69439651148423,0.310801306392035,0,0.00534287017987945,0.0280212680587012,0.342796968468146,25.1803749578131,0.0306059667321445,0,1.88834805036153,0.0109474747824427,6.1443689581419,0.00510704697246206,0.142314131624789,0.441290458982116,0.0314158724126066,0,0.0508317980619828,0.635180743781764,0.01029517118421,0,0.000783394259270356,0.120751018592439,1.03223724440122,0.00905133393752653,0.0843163956058509,0.0258580293859048,0.0137913064119809,1.75932609982618,0,0.00010487396428809,0.278855100184452,1.3186822026522,0.0210286751617462,0.0725389606920436,0,0.0214428021621951,0.29962648794742,0,0,0,0,0.359069943720843,0.0100112736040717,0.00265166423249194,0,0.0307161472392841,2.4758467729007,0,0.0113366397733284,0.131018354278165,0.00783999726794247,0.480267697257395,0,0.00207806017082786,0.0166887532127368,0,0.0907544911543195,2.0639774149759,0.0436350073273351,0.0129270414976624,0.784670888763989,0.00150971864540661,0.0120345293155546,0.0385737739663064,0.0454542065329992,0,0.0204426840482678,0.0117282739635681,0.650500711121876,0.162434561828646,2.34567847973653,0.00548512780797607,0.0512160812029919,0.002405720736857,0.0435393663702091,0.891290486582649,0.00413127090122954,0.410744078949765,0,0.0213133452708759,0.0837826371004573,0.00529465526368982,0,0.0131753777889907,0,0.000688545170325208,0.0218482082279198,0.0094649471866834,0,0,0.300636031341246,0,0.0473712670449376,0.668454811568334,0.0780756360035593,0.00155752578739408,0.0709189944646186,0,0.584055434511789,0,0,0,0.0423148198447835,0.173319791831838,0.0917496264266887,14.9720745461534,0.0325622221503031
2.21950625487354,0.0966405452536946,0,0,0,7.04168744716692,0.0611218033696962,0.90416697488015,0,0,0,0,0.0417773029580363,0.102616546974599,0,1.9218351150206,0.0429305059214653,0.0114070432820945,0,0.0340186111514425,0.0059381409909206,0.105315477670002,0.00683209160965617,0.124869965587552,0.294523139588992,1.22144468958356,0,0.0307700207707086,0,0.043077711815428,0.0106246392243432,0.540648157197799,0.00259106309679292,0.277682210027501,0,0.0448012152950026,11.9610132922026,0.117021454549933,0,0.0014171391423693,0.0257217266910208,0.0370654656359094,0.0116083698762425,0.084233323073263,0.139307681962384,0,0,0,0.0121776735052062,0,0,0.196203000488668,0,0.238142490452285,0.740973806179593,3.68911047290357,0,12.1461743494353,0.0192192370583089,0.152891432565362,0.802091496594589,0.0164798356004047,0.0777162694585698,0.000336146560843023,0.0221986037391428,0.0663604242919651,0,0.00222303812790453,0.315251932507654,0.00937513858445538,0.000625144068125082,0,0.894540886322286,0,0.416873599410752,0,0.0218802253141983,0.035601312550005,0,0.000215267577227335,0.0990706777566496,0.0982806085242277,0.0178610162514039,0.000119651394385308,0,0.00910016461418353,0.000769335282376443,0.0336350308067629,0.000222668325200842,0.0244014531531924,0.192311958419093,0.00348134820024609,0,0.0013101083522968,0.0135474676118288,0.000692772754116291,0,0,0.000280866917687027,0.00331448645906833,0,0.000396374521538911,0.00279278146817052,0.000393196415317508,0.00984455005770765,0,0,0.00297622922124116,0.0106389746649636,0,0.000297974251993623,0,0,0.00300301590138422,0,0,0,0,0.00416012697336131,0.000136989396876562,0,0,0.000262370089732216,0.0196578528407115,0,0.000130050748948016,0.000486638142292287,0,0.00146794103000885,0,0,0,0,0,0.021161374421249,0.000257882918856398,0,0.00210947528701444,0,0,0,0,0,0.0175902002294091,0,0.0649520406846127,0.00488929622527528,0,4.94225429868086e-05,0.00154567452686762,0,0.000208782777552926,0.00376909723345386,0,0.00132959349335085,0,8.29211758666612e-05,0.00111378966644508,0,0,0.000762075685875844,0,0,0.000169161956203007,0.000192836731108917,0,0,0.329962803002875,0,0.00158734990217911,0.00615896262177347,0.00167762108760236,0,0.00169204746961668,0,0.00283359463503609,0,0,0,0.00191217630193567,5.8626919758574e-05,0.00259081778399799,0.0686803932729959,0.000328546687335127
0,0,0,0,0,0,0,0,0,0,0,0,0,0,0,0,0,0,0,0,0,0,0,0,0,0,0,0,0,0,0,0,0,0,0,0,0,0,0,0,0,0,0,0,0,0,0,0,0,0,0,0,0,0,0,0,0,0,0,0,0,0,0,0,0,0,0,0,0,0,0,0,0,0,0,0,0,0,0,0,0,0,0,0,0,0,0,0,0,0,0,0,0,0,0,0,0,0,0,0,0,0,0,0,0,0,0,0,0,0,0,0,0,0,0,0,0,0,0,0,0,0,0,0,0,0,0,0,0,0,0,0,0,0,0,0,0,0,0,0,0,0,0,0,0,0,0,0,0,0,0,0,0,0,0,0,0,0,0,0,0,0,0,0,0,0,0,0,0,0,0,0,0,0,0,0,0,0,0,0,0,0,0,0
0,0,0,0,0,0,0,0,0,0,0,0,0,0,0,0,0,0,0,0,0,0,0,0,0,0,0,0,0,0,0,0,0,0,0,0,0,0,0,0,0,0,0,0,0,0,0,0,0,0,0,0,0,0,0,0,0,0,0,0,0,0,0,0,0,0,0,0,0,0,0,0,0,0,0,0,0,0,0,0,0,0,0,0,0,0,0,0,0,0,0,0,0,0,0,0,0,0,0,0,0,0,0,0,0,0,0,0,0,0,0,0,0,0,0,0,0,0,0,0,0,0,0,0,0,0,0,0,0,0,0,0,0,0,0,0,0,0,0,0,0,0,0,0,0,0,0,0,0,0,0,0,0,0,0,0,0,0,0,0,0,0,0,0,0,0,0,0,0,0,0,0,0,0,0,0,0,0,0,0,0,0,0,0
13.3057272530717,0.515249933148622,7.04168744716692,0,0,0,0.145568816596519,3.67930467495371,0,0,0,0,0.3724513747034,0.291003267335263,0,17.2224175809964,0.150581201922579,0.052206281740579,0,0.144217550938657,0.0707842254326693,1.19968714527408,0.0400931724866366,1.00565377696602,1.47592048927513,2.57825043478033,0,0.0922627405278879,0,0.261352871410911,0.0688529445020167,4.09612510031595,0.0103080582530669,1.50785789831486,0.000277578499483218,0.137345603944542,3.34088803133397,0.251914467131335,0,0.455988822446017,0.108977552274217,0.131529295854847,4.09214417096296,2.73470198879242,0.884779266666992,0,0,0,0.00117747087950475,0,0,5.96789651052385,0.0041195148280694,0.826306867702805,2.50376952729587,3.1442443493185,0,21.9747795146546,0.0530978301652962,1.47296862951469,2.64249214226949,0.0355402110008857,0.968486798298422,0.867057444337567,0.178001633129952,0.132615733829496,0,0.0123618373009909,1.62108941230558,0.0526137531372278,0.00376330528933156,0,1.8531243752627,0.00229331474690966,1.09626912925466,0,0.04401888774227,0.214526609178544,0,0.00145607234959226,1.36883024698551,8.30395180506375,0.0588238195157486,0.00550141592490897,0,3.56381565714479,0.00743352381296344,1.38728757644712,0.00155687713083927,0.061893031005494,1.19584587569147,0.0273046472074088,0,0.00446981571336707,0.0463138065881874,0.000951533115821587,0,0,0.000633045264934407,0.0105843470852659,0.000658016400496808,0.00279125576975566,0.0065737081110159,0.00114951564847908,0.0569845793703264,0,0,0.00928029246837554,0.0406850033954351,0.000285343559578261,0.0011542014225042,0,0.0021804226927702,0.0190222109387997,0,0,0,0.00112541029040134,0.0296808125728891,0.000535462012339655,0.000295502112605454,0,0.00484565920721894,0.0877840028889383,0,5.84088183821618e-05,0.00354678800484651,0.00173206426433374,0.00384188344174018,0,0,4.28894978601446e-05,0,0.00525136240002499,0.0934071949526034,0.00147714044368281,4.09886333959308e-05,0.0176789866917967,6.46912509655404e-05,0.000553424012484149,0.000436718127753847,0.00068713891748234,0,0.0697356086388346,0.00247922306067074,0.13637645598413,0.025129379519966,0.00427425964763421,0.00180704781169635,0.0049693042335493,0.000119168390310863,0.0030630912871543,0.0291081420992883,0.00130661879885474,0.0117813244500914,0,0.00106719998470562,0.00801233466083449,0.00109149555352382,0,0.00223051498445692,0,0,0.000854586122322745,0,0,0,0.790509471499325,0,0.00527150085564224,0.0255544464249475,0.00601962173046137,0,0.006846673464655,0,0.0154654316690025,0,0,0,0.00460086009384128,0.000880024336655169,0.00787518711257927,0.217457301348033,0.00241685365458317
0.0843238536668015,1.02547859227811,0.0611218033696962,0,0,0.145568816596519,0,1.67250747123284,0,0,0,0,0.000626098687192284,0.0177452933510695,0.00414516187557273,0.0177271766949218,7.14121530393834,0.031416927108308,0,0.0010789624804251,2.11998274385232,0.0568159217660752,0.371806894086861,3.35271619382944,0.0190147242726267,8.72378900998138,0,13.3669160375386,0,0.314242635742151,0.163792381962409,0.51971015114271,0.0149375226759492,0.079283887217437,0.0508286862285252,7.16897505298743,0.227746975317195,1.74678112561333,0.00281737686442423,0.00627453769746026,0.0046616092375907,0.194383159759248,0.000288756465487968,0.00826768831936054,0.0633340403997079,0,0.00078375925692052,0,0,0,0,0.00408469163533791,0.169269836753384,0.0292463143804998,0.0678877417411297,0.136938466811073,0.00205751529946182,0.0768310812725638,0.161947312152353,0.0151217052023332,4.93164440170727,0.214150546683835,4.19299965162844,0.326271245761343,0.00509267695827844,3.18280227552993,0.00596656255672529,0.00256149602872154,0.596949742244391,0,0.000318269989821832,0,1.58333630909047,0.0832889091040754,0.0231869671984618,0.0107513738518397,6.78175526592597,0.0159701261454396,0,0.0417339550101913,0.0022318937780372,0.052776627185889,14.8805458646262,0.226955025181513,0,0.0034848354103152,0.00057901972393674,0.83646994460751,0.0980716556745878,0.00368995478863322,0.0285485233021269,0.00120466450004984,0,0.0408979778330306,0.00141765221170505,0.0196510193027624,0,9.45572618316968e-05,0.00231991409020967,0.00667085933972985,0.00449080595205881,0.0114471121622636,0.161722572693824,0.00037977487743842,0.0126663605234829,0,0,0.767028608517543,0.00478149474058651,0.00267093710193089,0.00523107760928569,0,0.00797273469033314,0.185318395411111,0,0,0,0.0113685302573806,0.261571915793162,0,0.0128108351510203,0,0.0605521216917659,0.603385882991739,0,0.00290968037671312,0.00475862721530844,0.0446150766102044,0.00615420460199828,0,0.0115039667231835,0.00145380661920415,0,0.0494692492453327,0.695134797577396,0.000292618035416673,0.0022777465721552,0.000640784776474945,0.00678492254347966,0.00606086901678854,0.00347068007237674,0.000191916093389031,0.000495919435774109,0.0486923585359127,0.0993682369507856,0.00442813700122874,1.78524040673106,0.046860464429418,0.0472543550103236,0.00624795764800381,0.00337820675921179,0.0474054778197147,0.00287627076372623,0.0253834204271712,0.00180983622759503,0.000314709807396148,0,0.026046374199123,0.000715143734704814,0,0.050168507710907,0,0.00465284075209278,7.05003654085431e-05,0.0474524611888263,0.0011967080147589,0,0.0102039338840828,0,0.410077385329874,0.00732920500135556,0.0322616496823636,0.00391347872103025,0.472131601911083,0,0.710745588004521,0,0,0,0.11004284095136,0.00212529568432597,0.0400132315061328,0.0865761754181645,0.00719379029953012
3.33581118449589,5.08883397132118,0.90416697488015,0,0,3.67930467495371,1.67250747123284,0,0,0,0,0,0.0379092692928521,2.74388885467992,6.25378566188094e-05,0.137639661901088,7.05874768521462,0.107470999229589,0,0.0982485452314368,0.239446594507527,4.32415766606259,0.218179674769676,4.23245058868321,0.355516126449181,19.6972318547136,0,0.456614041033778,0,1.20198771102964,12.6043188925768,45.3250963463834,0.0254560678143385,1.04969955708892,0.00575897449309356,0.581899418692293,1.80484229681802,0.700041125581566,0.00142055458118853,0.0190201143801222,8.56197242964435,0.353828556375308,0.0875912444749217,0.323241016466294,0.0689420479506725,0,0,0,0,0,0,1.10650313907273,0.0242632042506815,1.43041903351026,4.91991801765395,1.44459974259288,0.000688755289428473,1.47371434471312,0.17118005829954,3.05675209497737,2.35928291301583,0.115760141944897,2.61464944567426,0.054373975242135,0.05879946644138,0.655581053573207,0.000401633323769343,0.0288348636620845,42.8046624417645,0.00859785639598086,0.00154077492496721,0,16.6140933981352,0.0113821345155673,0.331517056872492,0.00105248963104396,0.245256897257347,0.260151318983791,0,0.00477168097849903,0.753934205296947,0.362370445416335,0.407363626582579,0.023557094390477,0,0.0511278399813512,0.00733383799093547,1.20085904394088,0.012771654335376,0.171259937961964,0.662269358688461,0.012701718075626,0,0.0277927532091767,0.424101121974475,0.00791252592242561,0,0,0.00106149201803022,0.0545523423675565,0.00518420527497462,0.0598751598203081,0.0308200720077165,0.00820614621055281,0.495639995570004,0,0,0.0545540646708196,0.0489882222087063,0.0140455697973653,0.021695605595795,0,0.0161957717224234,0.118106664955957,0,0,0,0.00086768262918885,0.147293563743078,0.00219825547612702,0.00125787228852995,0,0.0137778818462975,0.398594861882582,0,0.00697525383630061,0.0175417972649098,0.00259116217520067,0.0290054403202814,0,0.00161484221756058,0.000838653669488473,0,0.0150487057382614,0.454262833038219,0.0150231541116067,0.0102452062505107,0.396332915532556,0.000619015554386647,0.00929033495488907,0.00891906091869436,0.000984094701060843,0,0.0109937396665762,0.00954353123434237,0.484962800260802,0.187036466161087,0.0112348867166098,0.00559658209232907,0.0430599121449348,0.00260388519091506,0.00874116395019077,0.162018001867962,0.00458129668450383,0.101923706539424,0,0.0092724692353737,0.0562320377406724,0.00408580701766106,0,0.0133207473503449,0,0.000257414557453735,0.00657292640140039,0.00898498261232512,0,0,0.233980472398657,0,0.0549991279937169,0.183905414753712,0.033375105108523,0.000563008152748262,0.0493744534270716,0,0.0926846353116872,0,0,0,0.030305411197983,0.000168009480759333,0.072399487233234,1.9458571713366,0.00842715752729729
0,0,0,0,0,0,0,0,0,0,0,0,0,0,0,0,0,0,0,0,0,0,0,0,0,0,0,0,0,0,0,0,0,0,0,0,0,0,0,0,0,0,0,0,0,0,0,0,0,0,0,0,0,0,0,0,0,0,0,0,0,0,0,0,0,0,0,0,0,0,0,0,0,0,0,0,0,0,0,0,0,0,0,0,0,0,0,0,0,0,0,0,0,0,0,0,0,0,0,0,0,0,0,0,0,0,0,0,0,0,0,0,0,0,0,0,0,0,0,0,0,0,0,0,0,0,0,0,0,0,0,0,0,0,0,0,0,0,0,0,0,0,0,0,0,0,0,0,0,0,0,0,0,0,0,0,0,0,0,0,0,0,0,0,0,0,0,0,0,0,0,0,0,0,0,0,0,0,0,0,0,0,0,0
0,0,0,0,0,0,0,0,0,0,0,0,0,0,0,0,0,0,0,0,0,0,0,0,0,0,0,0,0,0,0,0,0,0,0,0,0,0,0,0.0312829533650074,0,0,0,0,0,0,0,0,0,0,0,0,0,0,0,0,0,0,0,0,0,0,0,0,0,0,0,0,0,0,0.187574283103459,0,0,0,0,0,0,0,0,0,0,0,0,0,0,0,0.016541353543289,0,0,0,0,0,0,0,0,0,0,0,0,0,0,0,0,0,0,0,0,0,0,0,0,0,0,0,0,0,0,0,0,0,0,0,0,0,0,0,0,0,0,0,0,0,0,0,0,0,0,0,0,0,0,0,0,0,0,0,0,0,0,0,0,0,0,0,0,0,0,0,0,0,0,0,0,0,0,0,0,0,0,0,0,0,0,0,0,0,0,0,0,0,0,0,0,0
0,0,0,0,0,0,0,0,0,0,0,0,0,0,0,0,0,0,0,0,0,0,0,0,0,0,0,0,0,0,0,0,0,0,0,0,0,0,0,0,0,0,0,0,0,0,0,0,0,0,0,0,0,0,0,0,0,0,0,0,0,0,0,0,0,0,0,0,0,0,0,0,0,0,0,0,0,0,0,0,0,0,0,0,0,0,0,0,0,0,0,0,0,0,0,0,0,0,0,0,0,0,0,0,0,0,0,0,0,0,0,0,0,0,0,0,0,0,0,0,0,0,0,0,0,0,0,0,0,0,0,0,0,0,0,0,0,0,0,0,0,0,0,0,0,0,0,0,0,0,0,0,0,0,0,0,0,0,0,0,0,0,0,0,0,0,0,0,0,0,0,0,0,0,0,0,0,0,0,0,0,0,0,0
0,0,0,0,0,0,0,0,0,0,0,0,0,0,0,0,0,0,0,0,0,0,0,0,0,0,0,0,0,0,0,0,0,0,0,0,0,0,0,0,0,0,0,0,0,0,0,0,0,0,0,0,0,0,0,0,0,0,0,0,0,0,0,0,0,0,0,0,0,0,0,0,0,0,0,0,0,0,0,0,0,0,0,0,0,0,0,0,0,0,0,0,0,0,0,0,0,0,0,0,0,0,0,0,0,0,0,0,0,0,0,0,0,0,0,0,0,0,0,0,0,0,0,0,0,0,0,0,0,0,0,0,0,0,0,0,0,0,0,0,0,0,0,0,0,0,0,0,0,0,0,0,0,0,0,0,0,0,0,0,0,0,0,0,0,0,0,0,0,0,0,0,0,0,0,0,0,0,0,0,0,0,0,0
0.0111804547448283,0.0185870034022472,0.0417773029580363,0,0,0.3724513747034,0.000626098687192284,0.0379092692928521,0,0,0,0,0,0.0226700678057985,0,0.0507461714017228,0.00138513215962493,0.00367741053544498,0,2.77354934093671,0,0.0029749131958376,0.00247173859110322,0.0367007061779914,0.0354753459505928,0.00411053583899488,0,0.000172548478403719,0,0.013503484898459,0.00836768544993316,0.122595268971938,0.00082809783900138,0.0619772573240733,0,0.00339432020629753,0.0175786355810733,0.00407197062206829,0,0.000565089838595294,0.049527914570651,0.0112121767585215,0.00799832782027526,0.161452603639014,0.095815625384335,0,0,0,0,0,0,4.98987041083105,0,0.103183460542955,3.68180438448947,0.0577846879640589,0,0.186056758817345,0.00310096621542453,2.48535136155285,0.0155043573725768,0.000870409191346233,0.0316257845568703,0,0.00655332207690779,0,0,0.000933857827555431,0.152260783192647,2.30771246040279,0.00042836018666456,0,0.00267350367205355,0,0.0545786722826928,0,0.000495383362203856,0.0117325765486205,0,0,0.529999596705834,0.639474606634254,0.000540085595802164,0,0,0.0112238510677141,0.000422186449281788,0.0157654298998571,5.8680590075192e-05,0.00784488994502692,0.0342217424684296,0.000573379721294424,0,0,0.00703183769879366,0,0,0,0,0,0,0,0,0,0.00132208482914398,0,0,0,0.00433722893688133,0,0,0,0,0,0,0,0,0,0.00220288350120742,0,0,0,0.000419191458791726,0.000810239517149806,0,0,0,0,0.000469604759754327,0,0,0,0,0,0.00271268309647595,0,0,0.000164090940597481,0,0,0,0.000111018432553943,0,0.00554261841562297,0,0.0070615117182299,0.000701421206330934,0,0,0,0,0,0.000328729635746639,0,0.00072210472546049,0,0,0,0,0,0,0,0,0,0,0,0,0.0308402287062848,0,7.52439963932778e-05,0.000630311274291173,0.000730267586618672,0,0,0,0.000605582044040185,0,0,0,0,0,0,0.0055676222250244,0
0.0223012898174242,3.45329614741013,0.102616546974599,0,0,0.291003267335263,0.0177452933510695,2.74388885467992,0,0,0,0,0.0226700678057985,0,0,0.00785183115549916,0.0816152650165819,0.066104287677012,0,4.9168430156968,0.0457532773189379,0.00844777041137216,0.112279136080814,1.22567287377437,0.170776237847232,0.0689546880848717,0,0.00327044454745641,0,0.277182462925372,1.52186376314342,0.411860562228751,0.0156534991481484,0.575485996559973,0.000212305029629878,0.330967153318235,0.136452555444456,0.0562527774921297,0,0.0237108598348357,21.3776909860588,0.174325355022979,0.00237637499060561,2.94751815091209,0.208422534223509,0,0,0,0,0,0,0.0293215258058,0.00162056775358106,0.299452046424813,38.9897019756635,0.391317735050149,0,0.344797692310915,0.0531508171584644,5.16847885702645,0.341814963287997,0.00651885550150328,1.74837799846955,0.00670232542883084,0.0421428160491816,0.0017043165723361,0.000116988147245711,0.0116489842583369,2.22502793585738,0.0050718741945222,0.000613433356862508,0,0.0181826972134293,0.000446106913381081,4.39361086105668,0,0.0516265073728504,0.175424099630448,0,0.0009395686632503,0.0177072838771114,0.0582465600560695,0.0622878331762946,0.00238315032857829,0,0.0433884658503988,0.00457472264022033,1.01995653687201,0.00095601726160522,7.58914795418513,0.30280729514517,0.013657202304768,0,0.0154291703708564,1.74723694206843,0.00196985921023013,0,0,0.000542612999147743,0.0331781208170241,0,0.00552084445395805,0.00430286198066415,0.00446340708340715,0.692227480291294,0,0,0.0226347882822299,0.0878598731428488,0,0.0290644937264913,0,0.0102233074322937,0.0945766375338952,0,0,0,0,0.0940745827417107,0.00168599343859655,0.000247726201737386,0,0.00888047143711049,0.329096303780507,0,0,0.0485663889275041,0.000238804950011228,0.115237075723261,0,5.69265631952609e-05,8.14658899308835e-05,0,0.0359834972777124,0.433905620807732,0.022212961179945,0.000968695752234681,1.04412960379118,0,0.000412005324699882,0.016659264633041,0.000490174659154274,0,0.0332210882950815,0.00271437616062095,21.5279575023677,0.0213503213698805,0.00381110744729283,0.000616637812266346,0.0234093229361127,0.00136516284144605,0.017036189860892,0.377467726580619,0,0.17757960310355,0,0.00673041341139712,0.0277356671927818,0.0019963002650902,0,0.000484050412303269,0,0,0.0075495389686412,0.000963693081241628,0,0,1.69901274099288,0,0.00667356068982716,0.256518461865779,0.0111164276216833,0,0.00926511294140675,0,0.10337754627724,0,0,0,0.00734323318351148,0.00013043401994091,0.0298764766941132,0.699299050626974,0.0170511959151529
0,0,0,0,0,0,0.00414516187557273,6.25378566188094e-05,0,0,0,0,0,0,0,0.00270231654931985,0.000850674776102915,0,0,0,0.0491739801044884,0,0.000988132627884184,6.17361164465023e-05,0,0,0,0.000526563820361869,0,0,0,0.00034108016107736,7.83385046180304e-05,0.00056482165100826,0.522365418834843,0.00529664129888609,0.00011004316628385,0.00234909187814173,0.0304041514147795,0.000407982617233681,0,0.00104470248931992,0,0,0.0117836151133855,0,0.00091552282098591,0,0.00459327164939377,0,0,0,0.189281323015078,0.00336476959092275,0.000182455824343145,0,0,0,0,0,0.000122555434008998,0.00275218539013629,0.00433003930228538,1.94995614241194,0,0.000682710217549632,0.00161062307874844,0,0.0014172076349146,0,0,0,0,0.132911040391111,0.00487714218326954,0.00389034393021394,0.00498534306522474,0,0,0.601841898922734,0,0.00518946065842761,0.000500208525637279,0.19726252567068,0,0.00815050960396856,0,0.00157292928085694,0.0137397063544022,0,9.0815528139469e-05,0,0,4.16494882333591e-05,0.000544752268439874,0.000524296822945994,0,0,0,0.000244293093565238,0.00223761287086133,0.000176275416686661,0.000312144061791217,0,0.000772827961941344,0,0,0.00394925956190741,0,8.60930029994295e-05,0,0,0,0.00288788219788446,0,0,0,0.014550694747873,0.00063708597196231,0,0.000774040002953693,0,0.0216985397519672,0.000103961505536775,0,0,0,0.0441097108184453,0,0,0.0112181350382148,0.00144998213934951,0,0.0159178286825927,0.00137205877916411,0.000339167899199647,0,0,0.00649378281066106,0.00254311745245852,0.00506556094270612,0,0.000420932574664766,0.0153095040425949,0.0677341988442772,0,0.00459236838639939,0.00765214653133517,0.0183072490654783,0,0.00201532712802442,0.0156171395460842,0,0.0242915978987461,0.00020135254896793,0,0,0,0,0,0.0102498479565791,0,0.00592395488818219,0,0.00101571559020301,0,0,0,0,0.0321863116846457,0.000541220082416379,0.000782349394266907,0.00365011557195179,0.0202844061701918,0,0.00829500721453228,0,0,0,0.00319053620322887,0,0,6.59732655512498e-05,0.00244219072149132
0.210867169192272,0.0203201304192985,1.9218351150206,0,0,17.2224175809964,0.0177271766949218,0.137639661901088,0,0,0,0,0.0507461714017228,0.00785183115549916,0.00270231654931985,0,0.00898248112159509,0.00110367542472729,0,0.0150038923799254,1.86524529864932,0.0369614546181192,0.00487624367267316,0.0409232989572332,0.0487207660860819,0.0392863988519976,0,0.00337455802775981,0,0.00931162706801877,0.00612261068335457,0.34103833974694,0.000683227801452158,0.0317337183604578,0.0350886484923038,0.0267349257306003,0.0189426200158618,0.0114550513957063,0.00654091388680307,0.00914132594700331,0.00693346171521276,0.00645466640096086,0.366727100266644,0.324337483912245,0.817848300826647,0,0.000159016412261353,0,0.00256243647724975,0,0,0.699966063974023,0.177454112955105,0.366404683087052,0.22754612196322,0.0170460995299682,0.00183824456438561,6.00646356086739,0.0022347078274892,0.210152125653219,0.0152214496928258,0.00940272360606273,0.178657320038032,3.27075570387346,0.00593107339784937,0.00562128923607765,0.00581570691633809,0.000180795118455331,0.12343470072918,0.00699144924850448,0,0,0.0209243892863819,0.0605490289328365,0.123594748167301,0.0233934199261541,0.0187256156204003,0.00429081607613463,0,2.92297151014495,0.132692256558209,3.04864962782973,0.00798893340688016,1.02509445441773,0,0.214678744976029,0.000189054849252662,0.0717123583972187,0.0047067715861812,0.00374281639341898,0.0089499789364694,0.00097573414718605,0,0.00139775366744566,0.00304519824097018,0.00198655735048266,0,0,6.59240798790272e-05,0.000639931573746628,0.00114992576766404,0,0.00241859018948851,0,0.00299525660650343,0,0,0.00576913286845342,0.00858339214456849,4.84565496469405e-05,0,0,0,0.00623496511520062,0,0,0,0.0315464596633729,0.00838252468876959,0,0.00346885921856252,0,0.0572095140615418,0.00489621537122278,0,5.64979147229996e-05,0.000105247383805957,0.0577066641023031,0.000356765428770844,0,0.0130873810305707,0.00201626470551394,0,0.036861873716051,0.00579631503160604,0,0,0.00105931228585849,0.0119777379973378,0.00331948056924618,0.00810016006895523,5.61678884491122e-05,0,0.169936300924402,0.100483288228856,0.0106339673041757,0.0152025486153981,0.158347493192289,0.0666346650849355,7.47509186630854e-05,0.00649086928851367,0.0783831003601246,0.00115211202389852,0.0324103993137009,0.000232172946316854,0.00112770210465634,0,0.000196216287818124,0.00013143663723978,0,0.024131277727804,0,0.0122685248090064,0,0.00823678002225023,0.00050927529633199,0,0.0799608524381214,0,0.0170013154999578,0.00149469111867284,0.00250028925808839,0.0104246433450564,0.0855486441618298,0,0.0618345094873277,0,0,0,0.0129212267070321,0,0.00306628298780285,0.0100054122128931,0.00572750935713019
0.0246657718809257,23.7794279140654,0.0429305059214653,0,0,0.150581201922579,7.14121530393834,7.05874768521462,0,0,0,0,0.00138513215962493,0.0816152650165819,0.000850674776102915,0.00898248112159509,0,0.041076162585603,0,0.00367275869761663,0.758767933488805,0.012735265713873,0.388052559990045,4.07161115992907,0.082573059734008,13.6492039895141,0,1.11822736952866,0,0.717778226500746,15.086687811192,0.521092859113777,0.0130688267303567,0.302195679749475,0.0193898867468567,1.63882166857782,0.0692158171669587,0.801639023836778,0.00268257634698759,0.0201895671216718,0.412143277232157,0.170804623929245,0.00149804979238505,0.0191855607533133,0.0325169006990852,0,0.000476742015987408,0,5.37857856435378e-05,0,0,0.0155314109208886,0.0774369899557419,0.220562374265752,0.167414500571532,0.313409087946558,0.000761933378340225,0.190253608580345,0.0875966128655963,0.107332408273485,1.37049697158782,0.132464708610183,4.608318395077,0.12416339670942,0.0201844238546917,0.157642320584584,0.000855546213190061,0.0086559073019693,24.4207075475528,0.000176265642949335,0.000149639827899742,0,0.365416939345679,0.0312515648392217,0.0329819161319661,0.00484489894065829,1.00351876978833,0.0903735405117613,0,0.0229871847641135,0.0106500260421688,0.0347065972411455,22.7427487155661,0.0792678510109399,0,0.0616417371115109,0.00212474685747515,1.6526850290047,0.0417688719168497,0.0109204265637931,0.141110794252428,0.00610479531899321,0,0.175644557013953,0.0434079529958119,0.0326021858561421,0,0,0.00101664397593896,0.198793467296246,0.0146638250989848,0.195035614281895,0.0587744897550191,0.0214909337770204,0.457020229914254,0,0,0.545616073868396,0.252943646350115,0.0522524387916517,0.0440335199043817,0,0.0452339845178007,0.495594385498085,0,0,0.000135493234249282,0.00360884392395472,0.467758714509646,0.00275361463081993,0.00356504830778095,0,0.0215647067079341,2.61143445690058,0,0.0241670184834613,0.0300864197814254,0.0119204486221317,0.391610267843994,0,0.0058818282858079,0.00145701430013518,0.000222171313485182,0.0247319457318328,1.34520575823025,0.0064918463479972,0.0298748455166946,0.0551137936517672,0.00253380223079775,0.0285602773063471,0.00915258877237782,0.000607892663286218,0,0.0209753777009246,0.0367091993799595,0.0164326315403961,0.657141093082539,0.362573816076071,0.0175047428003949,0.113557061951849,0.00313649987382568,0.0255348475185226,0.0875254407240691,0.00814403001580001,0.117006768409432,0,0.00646366883114265,0.226249944604038,0.00813196857737558,0,0.0283562272502811,0,0.00220379367068438,0.00750645352390292,0.0169641405251117,0,0,0.0244499601228448,0,0.125184048735476,0.209928616429677,0.188523430691735,0.000653703344234944,0.140712774842293,0,0.282386699982863,0,0,0,0.153584610877268,0.00133418313756745,0.280429229783864,10.159164095055,0.00993125722556071
0.00721878445551293,0.101543889089483,0.0114070432820945,0,0,0.052206281740579,0.031416927108308,0.107470999229589,0,0,0,0,0.00367741053544498,0.066104287677012,0,0.00110367542472729,0.041076162585603,0,0,0.00732499965108835,0.139364856719526,0.00546154009469858,1.873620221196,1.50799372347376,0.160855341185902,0.0779505037920889,0,0.0524187989637428,0,0.361627187972268,0.00364813408398992,0.0644824141583562,1.55942409890296,4.78888503635703,0.00308180553961813,1.40708058907892,0.0220684841685858,3.27398443931721,0.000938554689912203,0.0496595436204209,0.0125171036742081,28.8585079875151,0.000557424701958056,0.0225803829310032,0.0197014168006015,0,0.000288238887264397,0,0,0,0,0.0141893792224124,0.00706803890222066,0.0359702744168245,0.25394533658106,0.0986065658456242,0,0.147090966143654,2.76721916355346,0.0360799522004867,0.0559466830900887,2.33374877773615,0.301751839223645,0.0196448994869951,0.0485118660129901,0.0674630870967308,0.000273074825135224,6.23912102768962,0.098871483390575,0.000519676793753158,0.000209083670852749,0,0.0378848630788838,0.00439689763750055,0.0764273680654734,0.00101997526689847,0.129667356692879,0.888240700268966,0,0.00276540223750272,0.00799324403526925,0.0195760438189169,0.0218762463043679,0.0124206867287859,0,0.00713351283997321,0.0739185351962531,0.146571444374386,0.00288780185826997,0.013336200349417,0.304813432105011,0.0180981506381091,0,0.000872698983864881,0.00407893452421154,0.00118002835467358,0,0.00108703838557732,0.0291681711132377,0.000527928874255428,0.00659286001762871,0,0.0198545732810628,0,0.00286878510589028,0,0,0.00263195744923683,0.00147259091606135,0,0,0,0,0.0145320057312336,0,0,0,5.68060873780279e-05,0.210628462870929,0,0.00189514162548456,0,0.00873882211384872,0.435140935924774,0,0,0,0.00501737241153408,0,0,0.00164787936934039,0.0252875148804443,0,0.00424547881561446,0.099298190136604,0,0,0.00076029790699281,4.94086908002056e-05,0.00386927679686457,0.00146488847596974,0.0256868362954849,0,0.00497511177760621,0.00795418851961716,0.0203437300237868,0.092902798374853,0.00282387168414902,0.00268607505430553,5.32233680467396e-05,0.000218063752598171,0.00391342126334461,0.000269300339998342,0.00176248825564302,0.000245079753569851,0,0,0.000447473168380997,0,0,0.0113967306670854,0,0.000459715824873107,0,0.003610699123715,0,0,0.0642219486901579,0,0.0242229112332047,0.00023677221752697,0.000633125435370471,0.000416451687395493,0.0606989592101912,0,0.167319785373243,0,0,0,0.00136180034298342,0.0257647860608878,0.00164865007716987,0.0211017054554028,0.000525878482047858
0,0,0,0,0,0,0,0,0,0,0,0,0,0,0,0,0,0,0,0,0,0,0,0,0,0,0,0,0,0,0,0,0,0,0,0,0,0,0,0,0,0,0,0,0,0,0,0,0,0,0,0,0,0,0,0,0,0,0,0,0,0,0,0,0,0,0,0,0,0,0,0,0,0,0,0,0,0,0,0,0,0,0,0,0,0,0,0,0,0,0,0,0,0,0,0,0,0,0,0,0,0,0,0,0,0,0,0,0,0,0,0,0,0,0,0,0,0,0,0,0,0,0,0,0,0,0,0,0,0,0,0,0,0,0,0,0,0,0,0,0,0,0,0,0,0,0,0,0,0,0,0,0,0,0,0,0,0,0,0,0,0,0,0,0,0,0,0,0,0,0,0,0,0,0,0,0,0,0,0,0,0,0,0
0.00853794954777025,0.0273340573169151,0.0340186111514425,0,0,0.144217550938657,0.0010789624804251,0.0982485452314368,0,0,0,0,2.77354934093671,4.9168430156968,0,0.0150038923799254,0.00367275869761663,0.00732499965108835,0,0,0.00128187376049349,0.00205513513793368,0.0069181261619282,0.0893659260693152,0.0312516824483763,0.00761795579050649,0,0.000367522272859927,0,0.0258380513807625,0.00716402959393077,0.118402620734311,0.00181124700401504,0.0745615046853372,0,0.00696455805423019,0.0209104751654504,0.00512498180891739,0,0.000514676460475563,0.0624813752064049,0.0190594853427803,0.00245453377684677,4.83828330742774,0.0786656580285071,0,0,0,0,0,0,0.28780113059283,0,0.079642311400002,12.4729262007694,0.0633391626692322,0,0.118958941158397,0.00422147814562476,2.37036236508547,0.0431464391773017,0.000547333983350138,0.0919897136933499,0.0010430787239761,0.00524540627826629,0.000657614883363758,0,0.00152068549424784,0.0843240592614559,1.13329222975303,0.000233893645718193,0,0.00327406317197745,0,1.17774804613018,0,0.00182226798008893,0.0195072623332523,0,0,0.0208226237672319,0.304167528470562,0.000799345348398726,8.12440144244701e-05,0,0.0020250793825509,0.000764495786323975,0.072599802822309,0,0.823021918415135,0.0435019663624205,0.00253511949200696,0,0.000459518781771116,0.00756814800663044,0,0,0,7.0586832167169e-05,0.000487961057514943,0,0,0.000360845473081073,0,0.00364962865875764,0,0,0.000438370003924896,0.00179448226132247,0,0,0,0,0.000308192722883738,0,0,0,0,0.00119748515562952,0,0,0,0,0.00174103284108254,0,0,0.000129908447307558,0,0.000405173070683119,0,0,0,0,0.000170137187391777,0.00536079156330478,0.000240032059611192,0,0.00203199308591504,0,0,8.13983455068669e-05,6.90008710801208e-05,0,0.00438973026251357,0,0.00630922237587856,0.0027075693659293,0,0,0.00039229333291823,0,0,0.00167981964059017,0,0.000547992073351708,0,0,7.88925038644433e-05,0,0,0,0,0,0,0,0,0,0.0351421901327337,0,0.000233198075208673,0.00105374251931868,0.0001726592000461,0,8.56924735375408e-05,0,0.000906365605555903,0,0,0,0,0,0,0.0063132646676107,0
0.014318924359495,0.417020801998882,0.0059381409909206,0,0,0.0707842254326693,2.11998274385232,0.239446594507527,0,0,0,0,0,0.0457532773189379,0.0491739801044884,1.86524529864932,0.758767933488805,0.139364856719526,0,0.00128187376049349,0,0.00573405254696975,1.20751173350272,0.173097523193453,0.012613660842979,0.14820176460676,0,0.204720233384956,0,0.0240621275393291,0.0063690342469146,0.0934525524351117,0.285091496742695,0.0593353893832414,1.07020535273426,5.74566158471841,0.0121684019834984,1.33646814412397,0.373365915751046,0.0315217316791529,0.00935582469227988,0.858855305676529,0.000451462337620463,0.548272448130369,8.72967959486454,0,0.102889945214754,0,0.0066391273551802,0,0,0.00431470948114161,13.6517501235985,6.68036325187611,0.0945741625574245,0.0131484511588012,0.154095081950788,0.0150943997203775,0.0827408207776119,0.0330709512997934,0.141697702497404,2.80100592672645,18.3381882565356,31.5093759034375,0.00354968197684818,0.288833437521222,0.477095297759672,0.0021256200554026,0.341259103484715,0,0,0,0.0345146819573702,3.82649676569778,1.37186643142012,0.79549536239142,2.92037961243398,0.0221194686854405,0,1.1890321746786,0.00435665017922688,20.7930764343738,1.06045666743025,5.79116134483312,0,0.915776166178988,0.000562734505998074,1.05926300862794,0.103044810221993,0.003646270806554,0.0177013109420277,0.00210747318702682,0,0.0352981000912134,0.00601393718820401,0.20135844353591,0,0.000374425116730732,0.000275297203807608,0.0224125872684767,0.178688633235052,0.00565590566169885,0.209749567804232,0.00257767168359725,0.0545347123363528,0,0.00292513484066556,0.43623464650591,0.101304680899654,0.00105726723287686,0.022016414702961,0,0.00320571902746197,0.906661859287831,0,0,0,0.95884591513619,1.25356300200927,0,0.249291576885607,0,3.70793504661391,0.187678881439854,0,0.00259825846104669,0.013099919134023,1.90575953193729,0.000355216183810701,0,0.731663416961234,0.33274952536271,0,1.08492944444947,0.273811346866612,0.003792157922813,0.00196587670167419,0.0024512378959675,0.221899749962118,0.455847456720497,0.343203301290451,0.00149496632846642,0.009049170297986,3.8633699567774,4.17930990507018,0.00455936666628225,3.4269040843541,5.91758699675063,1.9719737824066,0.00190185396941015,0.0887121510806019,2.53746386225962,0.0186265570891403,1.07150104720418,0.0153091006104652,0.0161562413328254,0.00231813577798289,0.0182028805441587,0.00173435590532059,0,2.26222363862015,0,0.225074175158485,0.000636572998834739,0.491892780542276,0.0134442959062331,0,0.0466799060193887,0,1.73580953185345,0.027698927561279,0.0919252137753834,0.221117204097772,25.6580188426679,0,6.38099389538119,0,0,0,1.01763787299795,0.000223108621526525,0.149073015392936,0.0601389452046903,0.418225653097802
0.945341396382049,0.0235295901447994,0.105315477670002,0,0,1.19968714527408,0.0568159217660752,4.32415766606259,0,0,0,0,0.0029749131958376,0.00844777041137216,0,0.0369614546181192,0.012735265713873,0.00546154009469858,0,0.00205513513793368,0.00573405254696975,0,0.00469691641516988,0.096957180429939,0.03138424758995,1.7765274102892,0,0.0277160902141921,0,0.0271289151324548,0.00282032000385745,6.1979034998013,0.000566774621254119,0.0509302782028205,0.000281193994919965,0.0219134991764117,0.372926204038863,0.0672012540364125,0,0.000504423365853322,0.0052098938909075,0.0175886260393643,0.0374447073951889,0.00290391804651428,0.00184382698234865,0,0,0,0,0,0,0.83734671086233,0.000547669302507561,0.00292674995407252,0.0526755711782486,0.0859840490322758,0,0.209136099834951,0.00964103993726,0.137843515053049,0.11764752544339,0.00684389133388742,0.0446295757038063,0.00145440597157172,0.00495602430227644,0.0922362417788221,0,0.000916194353066148,0.260910058395562,0.000333823625421718,0.000108437850035221,0,13.6223766745301,0.000290735370908901,0.00817004558362781,0,0.011522540379309,0.00735427818632298,0,0,0.777841359834823,0.00742916932417724,0.00459198255415607,0.000456954517377692,0,0.00156902142455079,0.000183784070596336,0.0261989249878665,0.000189306065243811,0.00128180227414644,0.0319848775659755,0.000533755529333612,0,0.000263128458004025,0.000290204655258419,0.000295059257610556,0,0,0,0.000824674376457469,0.000513277328190974,0.000482004645865376,0.000836823518347024,0,0.0026799758084026,0,0,0.000400787483145176,0,0,0.000502197894237055,0,0,0.000727009648388672,0,0,0,0,0.00163502573035023,0,0,0,0.00055662030172815,0.00437869091490885,0,0,0,0,0.000996085385624417,0,0,0,0,0.000588085643689054,0.00615607510600336,0,0,0.000786588487098411,0,0.000269197412443262,0,6.47492371962065e-05,0,0.000261573456338024,6.32588289283631e-05,0.00277304638609416,0.00475985654559236,0.00017848891133094,0,0.000188275428254461,0,0,0.00133878233444165,0,0.000114480908804004,0,0,0.000632686366390987,0,0,6.53061584897454e-05,0,0,0,0,0,0,0.00550082559754553,0,0.00100719086016483,0.000669367931645719,6.7009164469408e-05,0,0.000534688563004449,0,0.00108722926239871,0,0,0,0.000804278402902254,0,0.000560146623417818,0.0166195161020777,0
