0,0.182054399681974,0.00975482691344418,0,0,0.236806368867933,0.140070536041871,0.603964248662109,0,0,0,0,0.000773088570980296,0.0469340073279581,0,0,0.214259364552862,0.00494572954723347,0,0.00807428566810432,0.0154672945626418,3.44942685870377,0.00890331045300775,0.179495693376678,0.00222209899337549,2.37179231255987,0,0.0467234599449718,0,0.0211925444581026,0.00246087508023313,0.520381702776502,0,0.0417081794296271,0,0.0303552148624939,2.06067399532689,0.137826649775507,0,0.00323958625940367,0.0471357536041603,0.0202750871818395,0,0,9.96835745919709e-05,0,0,0,0,0,0,0.0117636247590695,3.91854706416738e-05,0.0049689321616202,0.427003384222489,0.0951072588710974,0,0.0434491115342734,0.0123011302816706,0.156576955914022,1.76846906992408,0.10942648864047,0.0177085560538059,0.000160320927583226,0.00219727263018966,0.0770779210416453,0,0.00141844762496159,0.209326200178607,0,0,0,14.0540997309539,0,0,0,0.170685098453086,0.0113010692508098,0,0,0.0464402123624658,0.00112730228784791,0.0554086707544849,0.00219091741809344,0,0,0,0.0143560200607808,0.000128101469114798,0,0.00998691379635221,0,0,0.032695376428245,0.0016202197006351,0.0162881719524183,0,0.000353487540648701,0,0.0354275753424984,0.00167744623997788,0.00145113889731027,0,0.00310708557960886,0.00782924568331672,0,0,0.00310153679628596,0,5.1926905990477e-05,0.00233216995699177,0,0.00677189689572416,0.00146140249594661,0,0,0,0,0.00619729513739074,0,0,0,0,0.0127924962727961,0,0,0.011527247373928,0,0.000593377536013212,0,0,0.00219390736632871,0,0,0.0119321135263025,0,0.00127635191398994,0.00210156470907615,0,0.00635612090522011,0,0,0,0,0.000465492351958679,0.000174627746655717,0.014773282280272,0,0,0.00344580211869154,0,0.000129917131181247,0.0165854494368379,0,0.00464033474091853,0,0.00113118945392668,0.0203528016076558,0.000658556699414158,0,0.00546710131044089,0,0,0,0,0,0,0,0,0.0206365436806841,0.00463299502692045,0.0533012745688718,0,0.00559962384570465,0,0.00209688169472287,0,0,0,0.0463482832518292,0.00050024795205106,0.0101763448756279,0.00222346256125313,0
0.182054399681974,0,0.0202870955910455,0,0,0.280407189788616,11.858994312025,9.47835251243457,0,0,0,0,0.0156500108729818,0.395400153321671,0,0,75.1462943247968,0.0927568434466401,0,0.0495672655059399,0.308801193613763,0.109422893130204,0.252967838357343,3.36483826129105,0.0266402030473023,19.6682619298448,0,5.08378741437414,0,0.717034688534552,12.2063016264513,2.09858228500709,0.0216977281166601,1.38357538957799,0,1.03024447047387,1.25531812097634,1.03217200744849,0,0.260445576877346,1.35397054327817,0.495341798804926,0,0.00210381065476228,0.011115482416431,0,0,0,0,0,0,0.312854019445604,0.0130192595853223,0.206910044314428,0.842020792812019,0.755878843701457,0,0.442628094696149,0.0898853979297929,4.62430208321546,2.60360026014034,0.430884909882781,5.67817405480145,0.00522624191720313,0.0178439412282407,0.0636816032070555,0,0.0348386705349658,18.6997393337371,0,0,0,1.68396301136482,0.000760747418281887,0.00845874837716376,0.000139269176374069,2.34702203466246,0.111484411255442,0,0,1.67035967647628,0.128797582569099,5.38736908003431,0.0661549736496748,0,0.654900770351769,0,5.83041471427649,0.00768029820900847,0,0.119587650601772,0,0,0.290352974428787,0.804928091060642,0.163482324334237,0,0.00252427360503855,9.39862541399408e-05,3.30327938342934,0.040939841448664,0.0431035242646993,0.00147897652117857,0.0584246016822991,2.0163120008995,0,0,0.0344525413015362,0.117114485331805,0.00326108501461339,0.0590482936074437,0,0.0458687152616316,0.00873659463328257,0,0,0,0.00106709181135629,0.0585630248134975,0,0,0,0,0.700690628200736,0,0,0.593354140280623,0.000377724790338506,0.140934076742431,0,0,0.062719995826227,0,0.000835877705096593,0.0810688689260539,0,0.0518419857107173,0.612986148413169,0,0.167798646849424,0.00241790976502754,0.013127949388286,0,0.00360911401860044,0.00722249148848943,0.0238508297519229,0.0440714558321894,0.00244657080849864,0.00131735910361083,0.058935630013617,0,0.00862691858181494,4.4170374624902,0.000723969088574111,0.663542112084437,0,0.156485471104928,0.308448815319333,0.129514263406633,0,0.0521514953885776,0,0,0.0176149115604419,0,0,0,0,0,0.162938965399303,1.18571496519396,1.89235571846277,0,0.032425059540446,0,0.0270287806666377,0,0,0,0.585085389481669,0.0167991415189491,0.229706785603679,1.07527203427646,0.00298384319925637
0.00975482691344418,0.0202870955910455,0,0,0,0.778519074960045,0.000700094429291632,0.0195943313100836,0,0,0,0,0.000306578559048616,0.00500123333616299,0,0,0.0134803001862278,0.00452600253105869,0,0.00184729947672347,0,0.00280137901573922,0.00500838003979459,0.323098237895431,0.0114576575636547,0.0240523274875653,0,0.0116066599455923,0,0.0257219237474468,0.000562423732689422,0.0313624640596708,0.000518089997736987,0.168372043102644,0,0.00336900107635275,8.50965602028575,0.0267878535304661,0,0.000866373666183075,0.0120451225780604,0.0190297758178028,0,0,0,0,0,0,0,0,0,0.00199839309345251,0,0.00153497335884802,0.0985546625875446,9.35342674346233,0,2.69745767737183,0.000460790312734273,0.0179971153693542,1.71732367741689,0.00305743542950207,0.00260611231825222,0,0.00372963919149619,0.000199725539244745,0,0.00301742661032632,0.0128974118846127,0,0,0,0.0702875918848802,0,0,0,0.00433778289309944,0.0206233080497434,0,0,0.00813672232386256,0.000414562299691056,0.00147279619527801,0,0,0.000616151445570721,0,0.00050511067195072,0,0,0.0216111843136007,0,0,0.000839294610594137,0.000305841930057879,0.000465081776144678,0,0,0,0.00122128693740752,0,0,0,9.85209051433721e-05,0.00018336455548828,0,0,0,0,0,0.00030048045486328,0,0,0,0,0,0,0,6.2954664797955e-05,0,0,0,0,0.00094740524043339,0,0,0.00116872334795187,0,0,0,0,0.000385631735344796,0,0,0,0,0,0.000847712582263561,0,0.00067130950126854,0,0,0,0,0,0,3.96760439254525e-05,0,0,0,0,0,0.00141512225105789,0,0.000352849653324721,0,0.000161339061359913,0.000107928738729265,8.94673588080347e-05,0,0,0,0,0,0,0,0,0,0,4.25263482895263e-05,0.000970932199918299,0.00247432905987899,0,7.01736794262767e-05,0,0,0,0,0,0.000725782555466195,0.000391093739250808,0,0,0
0,0,0,0,0,0,0,0,0,0,0,0,0,0,0,0,0,0,0,0,0,0,0,0,0,0,0,0,0,0,0,0,0,0,0,0,0,0,0,0,0,0,0,0,0,0,0,0,0,0,0,0,0,0,0,0,0,0,0,0,0,0,0,0,0,0,0,0,0,0,0,0,0,0,0,0,0,0,0,0,0,0,0,0,0,0,0,0,0,0,0,0,0,0,0,0,0,0,0,0,0,0,0,0,0,0,0,0,0,0,0,0,0,0,0,0,0,0,0,0,0,0,0,0,0,0,0,0,0,0,0,0,0,0,0,0,0,0,0,0,0,0,0,0,0,0,0,0,0,0,0,0,0,0,0,0,0,0,0,0,0,0,0,0,0,0,0,0,0,0,0,0,0,0,0,0,0,0,0,0,0,0,0,0
0,0,0,0,0,0,0,0,0,0,0,0,0,0,0,0,0,0,0,0,0,0,0,0,0,0,0,0,0,0,0,0,0,0,0,0,0,0,0,0,0,0,0,0,0,0,0,0,0,0,0,0,0,0,0,0,0,0,0,0,0,0,0,0,0,0,0,0,0,0,0,0,0,0,0,0,0,0,0,0,0,0,0,0,0,0,0,0,0,0,0,0,0,0,0,0,0,0,0,0,0,0,0,0,0,0,0,0,0,0,0,0,0,0,0,0,0,0,0,0,0,0,0,0,0,0,0,0,0,0,0,0,0,0,0,0,0,0,0,0,0,0,0,0,0,0,0,0,0,0,0,0,0,0,0,0,0,0,0,0,0,0,0,0,0,0,0,0,0,0,0,0,0,0,0,0,0,0,0,0,0,0,0,0
0.236806368867933,0.280407189788616,0.778519074960045,0,0,0,0.0417905918365499,2.81955855100074,0,0,0,0,0.00811200401994594,0.0659782916849983,0,1.24558048487834,0.549996969332003,0.00592703939602569,0,0.0399866891668212,0.100037831616128,1.27796845142639,0.0136210563450944,0.636108540886775,0.028479086810157,0.18403088327743,0,0.0598821049772155,0,0.0496911231644367,0.137854495423507,5.34209998529627,6.72684452791153e-05,0.492092918772818,0,0.0195068125197664,0.190810016207235,0.0397746506451596,0,0.04792615666488,0.178525138412657,0.0293187340474788,0.104932563427104,0.8941506467289,2.52140826160681,0,0,0,0,0,0,0.876241599988592,0.0411698755164993,13.8022738846461,1.55900037813546,0.296515627320961,0,6.90132767703114,0.00490178930158259,0.510309395859,1.61010433969307,0.00538817858266065,1.2069779413589,1.34104732318536,0.0138526929268027,0.000330113435862422,0,0.00394155647817562,1.4322756992965,0,0,0,11.6622113988895,0,0.0660011662811432,0.0974036638960373,0.0144747285430107,0.0277263628809212,0,0,2.53778920543214,37.3101931721843,0.0197162570152818,0.0338044126933071,0,1.01160337487835,0,0.979742109632818,0,0,0.0149835455359164,0,0,0.00409667563903213,0.0117575436821115,0.0041827042883931,0,0,0,0.0175503913550353,0.000774850213940227,5.83758781625837e-05,0.00113721289167331,0.000615420471725539,0.0302128818387949,0,0,0.00239624766334687,0.0767056160604985,0,0.00023937532537411,0,0.000618718143886033,0.222246380442739,0,0,0,0.000663633289503163,0.0342899164145085,0,0.0289206310389319,0,0.0176913249704712,0.00353582570381371,0,0,0.00629822512705044,0.0205086523266422,0.00898916647110729,0,0.00453923517736886,0.00373710885431459,0,0.0291936531637639,0.0016801541833508,0,0.000244503191393724,0.0111421944986799,0,0.00387390975310146,0.0762645651913375,0,0,0.0735121480972321,0.219308656967763,0.000404798928915167,0.00519794731405244,0.289165106261541,0.0453809184753644,0.00146792186444325,0,0.141826514580005,0.0809823646551241,0.00250673142846038,0.0148284498256987,0,0.00216903647407891,0.0056827391234744,0.000708322185494019,0,0.00646936266426594,0,0,0.000855811058765145,0,0,0,0.000275318439734148,0,0.023970468782614,0.0235086805699841,0.0385805864093439,0,0.0587168251790495,0,0.0121411172095627,0,0,0,0.00787800061189959,0.00114893940466748,0.00263634456669119,0.00792521907054847,0.320980971645423
0.140070536041871,11.858994312025,0.000700094429291632,0,0,0.0417905918365499,0,0.884467879666375,0,0,0,0,0.000361675011025971,0.00843674208791281,0,0.00256792456278849,6.44223479976489,0.0273382925102926,0,0.000876965216089718,3.49417297644609,0.155239043250058,0.663476704336512,4.48157885962038,0.00890081721066313,2.23945376062978,0,17.5045669377797,0,0.305991184764696,0.041730046656436,0.521440541940009,0.00282717427674785,0.0925336521978007,0,9.82844325741284,0.249167597641418,2.30875308684226,0.00127386191257043,0.0474885712954481,0.00444274527511283,0.276102459136458,0.00166055942693624,0.0194438264222689,0.0451702438977313,0,0,0,0,0,0,0.00633417234115977,0.0748469380340026,0.0480564767880376,0.0218481236467365,0.210722227129358,0,0.00929797408953326,0.153573757546434,0.0379661440979133,3.74637061124108,0.693428972144793,2.60841001795679,0.0550050151179425,0.00451886102526835,2.97051651338502,0,0.00706827750851738,0.710037887185789,0,0,0,0.739684580968544,0.00254092465040183,0.0555320238188649,0.00169505991669917,10.9586976417571,0.035399543121961,0,0,0.0262985313398082,0.179726663219018,14.3437935829022,0.581467372865629,0,0.00193402061171424,0,0.948531097806421,0.076534217362485,0,0.0324372870905328,0,0,1.03125708454218,0.0181384563381468,0.797710235963356,0,0.00579187564676407,0.000149408032862855,2.15178143290573,0.0922258466596376,0.0187323481917764,0.00395450998164542,0.075083496120456,0.11398744080387,0,0,1.14155276428426,0.00820110903611298,0.00160046225327207,0.0348484010436308,0,0.253685436626931,0.0873974079672203,0,0,0,0.00124656566092971,0.145556937678836,0,0.000829862059209971,0,0.000382417857396816,0.463986554832823,0,0,0.236000252057543,0.00142801430390951,0.0016624775793205,0,7.44329941122128e-05,0.0541276686730958,0,0.00114857351473476,0.190294946459067,0,0.0420013099845645,0.011890958861281,0,0.182519460514732,0.0312083177828857,0.00542308949712277,0,0.018600292280166,0.0394899455393541,0,0.794886261597505,0.030625792813105,0.0307023782639859,0.124547437278716,0,0.0328126916751722,0.110930942334746,4.8337312556098e-05,0.0283063972552646,0,0.00847729398553793,0.942967451524874,0.0244395786902816,0,0.187437263987978,0,0,0.000138681207363992,0,0,0,0.00092589450139776,0,2.25120903385323,0.0454538890032834,1.31485664683955,0,0.29138267175359,0,0.146764680865567,0,0,0,1.62260391943677,0.0209646156349623,0.219340303588184,0.0251721621645302,0.0135244219108946
0.603964248662109,9.47835251243457,0.0195943313100836,0,0,2.81955855100074,0.884467879666375,0,0,0,0,0,0.0173600883537884,0.71153506721339,0,0,13.1637360765467,0.114388890947673,0,0.053327357769295,0.0459429724277813,3.2305253832956,0.164353225955966,3.04821404530044,0.02200980283274,12.3260581826991,0,0.879511066286178,0,0.763860768517033,12.0491565187751,26.1905222473626,0.00224270175600827,0.33599093780873,0,0.191355417587216,2.20070500779735,0.476031808492338,0,0.0194194760747902,4.75941876578536,0.419965734474273,0,0,0.00152666446553689,0,0,0,0,0,0,0.573473669502292,0.00225977129785312,0.850523006567021,4.78012826267708,1.29394634303956,0,0.338130881420911,0.099012629276508,4.64356217442857,3.52054380669792,0.0707259350439625,1.34210703321377,0.00076001020327575,0.0143244293708619,0.0184617841798686,0,0.0381358865187682,31.7516783433686,0,0,0,9.24717180747774,5.04562445036477e-05,0.000438032146178551,0.000109977499324367,0.284849697006154,0.12116148495616,0,0,2.43857018099628,0.414882930066925,0.257191253144803,0.00777414448959135,0,0.00715840629066145,0,0.25306095157408,0.000534315721270315,0,0.179795764767517,0,0,0.0994589774724086,0.23599554200169,0.0593229670911571,0,0.000982914721034347,0,0.236069081283754,0.00721647328870801,0.0119610253151343,0.000926777027987442,0.0134286190386781,0.488155717065542,0,0,0.00898766453765697,0.0436684070438827,0.000326208606988316,0.0155018240091242,0,0.0223971177627802,0.00426623647982397,0,0,0,0,0.0130139859070142,0,0,0,0,0.0418868303490084,0,0,0.0971142237894101,0,0.03497595226576,0,0,0.0133335302321495,0,8.64904157472923e-05,0.0162023502355079,0,0.014825308195759,0.163612320502247,0,0.047807021524757,0.000658675152990042,0.00204136735586669,0,0.000993145368585715,0.00182512274948408,0.00691140366542689,0.0133812498939285,0.00109825862795511,0.000415883919216667,0.0189160925760712,0,0.00317777863126584,0.917909277049751,0,0.17046180143612,0,0.0343865688283667,0.099343172793982,0.0239568001446573,0,0.0124899727531443,0,0,0.00664983209675385,0,0,0,0,0,0.0370807357882163,0.291896259064204,0.641877677000398,0,0.0130489915165371,0,0.00788079818822492,0,0,0,0.14171439673738,0.0135058795710454,0.0577765902550329,0.103789948886704,0.000594168973256661
0,0,0,0,0,0,0,0,0,0,0,0,0,0,0,0,0,0,0,0,0,0,0,0,0,0,0,0,0,0,0,0,0,0,0,0,0,0,0,0,0,0,0,0,0,0,0,0,0,0,0,0,0,0,0,0,0,0,0,0,0,0,0,0,0,0,0,0,0,0,0,0,0,0,0,0,0,0,0,0,0,0,0,0,0,0,0,0,0,0,0,0,0,0,0,0,0,0,0,0,0,0,0,0,0,0,0,0,0,0,0,0,0,0,0,0,0,0,0,0,0,0,0,0,0,0,0,0,0,0,0,0,0,0,0,0,0,0,0,0,0,0,0,0,0,0,0,0,0,0,0,0,0,0,0,0,0,0,0,0,0,0,0,0,0,0,0,0,0,0,0,0,0,0,0,0,0,0,0,0,0,0,0,0
0,0,0,0,0,0,0,0,0,0,0,0,0,0,0,0,0,0,0,0,0,0,0,0,0,0,0,0,0,0,0,0,0,0,0,0,0,0,0,0,0,0,0,0,0,0,0,0,0,0,0,0,0,0,0,0,0,0,0,0,0,0,0,0,0,0,0,0,0,0,0,0,0,0,0,0,0,0,0,0,0,0,0,0,0,0,0,0,0,0,0,0,0,0,0,0,0,0,0,0,0,0,0,0,0,0,0,0,0,0,0,0,0,0,0,0,0,0,0,0,0,0,0,0,0,0,0,0,0,0,0,0,0,0,0,0,0,0,0,0,0,0,0,0,0,0,0,0,0,0,0,0,0,0,0,0,0,0,0,0,0,0,0,0,0,0,0,0,0,0,0,0,0,0,0,0,0,0,0,0,0,0,0,0
0,0,0,0,0,0,0,0,0,0,0,0,0,0,0,0,0,0,0,0,0,0,0,0,0,0,0,0,0,0,0,0,0,0,0,0,0,0,0,0,0,0,0,0,0,0,0,0,0,0,0,0,0,0,0,0,0,0,0,0,0,0,0,0,0,0,0,0,0,0,0,0,0,0,0,0,0,0,0,0,0,0,0,0,0,0,0,0,0,0,0,0,0,0,0,0,0,0,0,0,0,0,0,0,0,0,0,0,0,0,0,0,0,0,0,0,0,0,0,0,0,0,0,0,0,0,0,0,0,0,0,0,0,0,0,0,0,0,0,0,0,0,0,0,0,0,0,0,0,0,0,0,0,0,0,0,0,0,0,0,0,0,0,0,0,0,0,0,0,0,0,0,0,0,0,0,0,0,0,0,0,0,0,0
0,0,0,0,0,0,0,0,0,0,0,0,0,0,0,0,0,0,0,0,0,0,0,0,0,0,0,0,0,0,0,0,0,0,0,0,0,0,0,0,0,0,0,0,0,0,0,0,0,0,0,0,0,0,0,0,0,0,0,0,0,0,0,0,0,0,0,0,0,0,0,0,0,0,0,0,0,0,0,0,0,0,0,0,0,0,0,0,0,0,0,0,0,0,0,0,0,0,0,0,0,0,0,0,0,0,0,0,0,0,0,0,0,0,0,0,0,0,0,0,0,0,0,0,0,0,0,0,0,0,0,0,0,0,0,0,0,0,0,0,0,0,0,0,0,0,0,0,0,0,0,0,0,0,0,0,0,0,0,0,0,0,0,0,0,0,0,0,0,0,0,0,0,0,0,0,0,0,0,0,0,0,0,0
0.000773088570980296,0.0156500108729818,0.000306578559048616,0,0,0.00811200401994594,0.000361675011025971,0.0173600883537884,0,0,0,0,0,0.00215514284050667,0,0,0.00496608343835623,0.000516826545500513,0,0.00394928244685885,0,0.000284360407177831,0.000424631333599206,0.00379920273248437,0,0.00440288425854835,0,0.00178535734919083,0,0.000528611966540781,0.000290250749136741,0.124062398434958,0,0.000542586212389298,0,0,0.00389257765137209,0.000654690267294914,0,0,0.00548562848342077,0.00164893435263722,0,0,0,0,0,0,0,0,0,0.186617020422185,0,0.000330136449865097,0.0232605198959531,0.00333859507069986,0,0.00190016768144332,0.000646152049080496,0.534160548869466,0.00473357382498626,0,0.000686946645648206,0,0,0,0,0.0010124575479253,0.0753634438859342,0,0,0,0.00858461948893732,0,0,0,0.000468248189022365,0.000861894376186067,0,0,0.331497732743204,0.000729565502643983,0.00102022835973099,0,0,0,0,0.000791870542112883,0,0,0.00109496976196294,0,0,0,0.000767515773455457,0,0,0,0,0,0,0,0,0,0.000524587601384482,0,0,0,0,0,0,0,0,0,0,0,0,0,0,0,0,0,0,0,0,0,0.000377522444566203,0,0.000896428419087594,0,0,0,0,0,0,0,0,0.000633878984631187,0,0,0,0,0,0,0,0,0,0,0,0,0,0,0.00453241143659893,0,0.000823926218508044,0,0,0.000177380051779821,0,0,0,0,0,0,0,0,0,0,0,0,0.000458865744432672,0.000958598042140995,0,0,0,0,0,0,0,0.000291900438604163,0,0.000185490780916177,0.000482389026735586,0
0.0469340073279581,0.395400153321671,0.00500123333616299,0,0,0.0659782916849983,0.00843674208791281,0.71153506721339,0,0,0,0,0.00215514284050667,0,0,0,0.219444440752799,0.0581102417393513,0,0.0490224372188901,0.00146607180641565,0.011015839323014,0.0239495734130711,0.451793629839651,0.00610423715212196,0.351939892697228,0,0.291888448436561,0,0.227845919502491,0.0307572104924621,0.0919756075677322,0.000221235275193171,0.0929618815220279,0,0.0160417148409477,0.407260684795196,0.099800696617665,0,0.00506102960758725,0.0266371426845825,0.180250725545585,0,0,0,0,0,0,0,0,0,0.0102942043391704,0,0.0026087710077736,2.47285272391113,0.273695279925033,0,0.02619177765145,0.0352241092383175,4.90770524523345,0.17479418035784,0.010029956702004,0.00890844777774076,0,0.00394722167082433,0.000669549100202347,0,0.0156743718307976,0.176059414160632,0,0,0,0.206572627113725,0,0,0,0.0253988537276771,0.0464791062499126,0,0,0.038687113865181,0.00152189781009002,0.0113491933094486,0.000362400132644917,0,0.00140580840756844,0,0.00151052584364868,0,0,0.0423029126167514,0,0,0.00694477921436928,0.0428234680623622,0.00570707916202551,0,0,0,0.0386202667261116,0.000715769931879062,0.000250512544653832,0.000335617393540846,0.000591258686192941,0.0830064382358211,0,0,0.000286949942443177,0.00578636225197938,0.000284698552779411,0.00096198274843212,0,0.00181186450940272,0,0,0,0,0,0.000175640630634493,0,0,0,0,0.000602051298550108,0,0,0.00867436401802985,0,0.00849767420895211,0,0,0.00142246919609396,0,0,0.000468350276079089,0,0.000713876670374308,0.0488506545598828,0,0.00505891622465306,0,0.000162907567596995,0,0,0,0.00100914412307625,0.000132074784200929,0,0,0.00141740209632383,0,0,0.225158345844007,0,0.034850521609779,0,0.00610994169143185,0.0110109816697525,0.00427701072658787,0,0.000633172963946244,0,0,0.000570546737911798,0,0,0,0,0,0.0012567945726619,0.0564114326249343,0.0635095864159685,0,0.00175229853704227,0,0.000494613166465228,0,0,0,0.00519427058513289,0.00232061213525215,0.00352482140179343,0.0174292387988609,0
0,0,0,0,0,0,0,0,0,0,0,0,0,0,0,0,0,0,0,0,0,0,0,0,0,0,0,0,0,0,0,0,0,0,0,0,0,0,0,0,0,0,0,0,0,0,0,0,0,0,0,0,0,0,0,0,0,0,0,0,0,0,0,0,0,0,0,0,0,0,0,0,0,0,0,0,0,0,0,0,0,0,0,0,0,0,0,0,0,0,0,0,0,0,0,0,0,0,0,0,0,0,0,0,0,0,0,0,0,0,0,0,0,0,0,0,0,0,0,0,0,0,0,0,0,0,0,0,0,0,0,0,0,0,0,0,0,0,0,0,0,0,0,0,0,0,0,0,0,0,0,0,0,0,0,0,0,0,0,0,0,0,0,0,0,0,0,0,0,0,0,0,0,0,0,0,0,0,0,0,0,0,0,0
0,0,0,0,0,1.24558048487834,0.00256792456278849,0,0,0,0,0,0,0,0,0,0,0,0,0,0.106511626675114,0,0,0,0,0,0,0.00210601124657849,0,0.000201318451556096,0.00765116675164012,8.16788247882897e-05,0,0,0,0,0,0.000552576345833354,0.000454656956323539,0,0,0,0.00243144574388569,0.0303570603366037,0.289364316529065,0,0,0,0,0,0,0.0008386410514277,0.152557876407882,0.285098505820456,0,0,0,0,0,0,0,0.00107421601214244,0.0709642429968059,0.0719452977601613,0,7.02590069188956e-05,0,0,0,0,0,0,0,0.0262485434692994,0.0743909049195019,0.0036028579563995,0.00172966091991575,0,0,0,0,0.571773030186153,0,0.684794204480734,0,0.00829461882430509,0,0.00645357709631488,0.000222132663636132,0,0,0,0,0,0,0.000205669984297792,0,0,0,0,0,0,0,0,0,0,0,0.000954056772759391,0.00679169170108196,0,0,0,0,0.00478627850294375,0,0,0,0.0151392309587614,0.00106301528269871,0,0.000669650805917603,0,0,0.000701664399774711,0,0,0,0,0,0,0.000478080601199436,0.000766149303449292,0,0.000481496503438667,0.00172094862325412,0,0,0,0,0,0.00527205363551524,0,0,0.0138509038103062,0.00814486924134856,0,0.000253842007028812,0.0521461544092389,0.00553543516238691,0,0,0.00662637494707888,0,0,0,0,0,0,0.000133155577221433,0,0.00151500606914537,0,0,0,0,0,0,0,0,0.013305399666168,0,0,0,0.0126436035347772,0,0.004841198689624,0,0,0,0.000874047953222835,0,0,0,0.00636802793051158
0.214259364552862,75.1462943247968,0.0134803001862278,0,0,0.549996969332003,6.44223479976489,13.1637360765467,0,0,0,0,0.00496608343835623,0.219444440752799,0,0,0,0.0907258579527532,0,0.0223607138254645,0.138216015219628,0.214728469750575,0.27767777360491,3.59981428404803,0.0191035092127001,6.29248302762732,0,1.98017523698,0,0.731485678232896,11.2768418449576,2.61404583552616,0.0393445703820619,0.264923107395997,0,0.55278691181384,1.48215124538278,1.00229189636105,0,0.0246208658587414,0.432279396367067,0.57434600048614,0,0.000549132777241966,0.0023663387149695,0,0,0,0,0,0,0.199861039468573,0.00549080521583116,0.0328275173450934,0.317077729524505,0.852863621454588,0,0.0697135076494136,0.103633235580774,2.30872882736304,3.73324045313871,0.46356932973408,0.132974069887521,0.00571986653128323,0.0189706827248789,0.0669733640977165,0,0.0415682868872861,46.517506563029,0,0,0,2.507377589,0.000311121345160212,0.000788786659994891,0.000400376277447941,2.88188882875414,0.125385425713065,0,0,1.09663329855549,0.0147294933932008,18.9658287800176,0.0193647427435574,0,0.0121066472864378,0,0.0926451179271664,0.00202032599965399,0,0.123439634451785,0,0,0.965629942739275,0.132312702610393,0.471179591890872,0,0.00778000377318732,0.000729421775870436,3.01428704154663,0.0582389298485323,0.0545173855279253,0.00155444123223509,0.124664211063098,0.505585189438972,0,0,0.283139554681762,0.00721702393540586,0.00317263439262112,0.0989258368475378,0,0.189424761248976,0.0262825727764864,0,0,0,0,0.118339095751515,0,0.000628393554321428,0,0.000406698394258108,0.315709527728556,0,0,0.597618781248115,0.000413571008823456,0.0101508164129979,0,0,0.114506272391312,0,0.000713951465745734,0.0847787819391437,0,0.100443668915046,0.122983605924469,0,0.28534159287306,0.00219611250907421,0.0264238965404144,0,0.00264542430818843,0.0054208677628796,0.00693361710647722,0.0630806824034571,0.00573627057159243,0.00283861240154357,0.120984917564545,0,0.00434709369875948,1.42319874894901,0,0.293551437140022,0,0.0788402003183098,0.593021026883546,0.0628892094918496,0,0.0854158451472356,0,0,0.0014324873071115,0,0,0,0,0,0.127470579136717,0.402839316353566,2.06461921845684,0,0.0468616114759842,0,0.0391207529387225,0,0,0,1.34063165886737,0.024441765324249,0.350872924041225,0.123551350117227,0.00148252348394886
0.00494572954723347,0.0927568434466401,0.00452600253105869,0,0,0.00592703939602569,0.0273382925102926,0.114388890947673,0,0,0,0,0.000516826545500513,0.0581102417393513,0,0,0.0907258579527532,0,0,0.0060910588889349,0.000799864804061733,0.0034587251708091,0.0319886557453674,1.08469144323708,0.0503844032566324,0.0666082842761285,0,0.110006286230374,0,2.86721787577084,0.000526493960018614,0.213173611527784,0.0125676798590661,0.991794240714094,0,0.0140903432537181,0.206589153306516,0.314613465437784,0,0.0440625526056152,0.032601948849074,19.74948275386,0,0,0,0,0,0,0,0,0,0.00522843781947764,0,0.0038495548973135,0.39932632197857,0.40931829281644,0,0.0476510600762675,6.59080152537343,0.149797187579739,0.0625871103002276,0.0227890385896888,0.0023833102480442,0,0.0518510746135975,0.00619545698739245,0,1.4374831586978,0.138832279781866,0,0,0,0.0644573498465788,0,0.000113461911291562,0,0.00906866313403843,0.99425304152393,0,0,0.0256305795951218,0.000395682346535887,0.016199964540887,0,0,0.00777423866744112,0,0.000840282611044395,0,0,0.113256211979042,0,0,0.00398562719960127,0,0.00169996711195429,0,0,0,0.0102004955787617,0,0,0,7.25434788984621e-05,0.00297848114437872,0,0,0.000229241025688119,0,7.78419797875431e-05,0,0,0.000336212258704142,0.00058923419806467,0,0,0,0,0.00024042540871901,0,0,0,0,0.00086403594925949,0,0,0.00193582426594274,0,0,0,0,0.000912321737294951,0,0,0.000194398331586512,0,0,0,0,0.00182146501824699,0,0.00043175440462335,0,0,0,0,0.000149536950432856,0,0,0,0,0.000364725236026351,0.00629570547914968,0,0,0,0,0.00179050402500326,0.0001373938555003,0,0.000590845777811294,0,0,0.000117357909246665,0,0,0,0,0,0.000859867147561816,0.00058010787227981,0.0142402632712944,0,0.000160240352112147,0,0,0,0,0,0.00659018381028414,0.00171126741363243,0.000274278156984546,0.00118277756052315,0
0,0,0,0,0,0,0,0,0,0,0,0,0,0,0,0,0,0,0,0,0,0,0,0,0,0,0,0,0,0,0,0,0,0,0,0,0,0,0,0,0,0,0,0,0,0,0,0,0,0,0,0,0,0,0,0,0,0,0,0,0,0,0,0,0,0,0,0,0,0,0,0,0,0,0,0,0,0,0,0,0,0,0,0,0,0,0,0,0,0,0,0,0,0,0,0,0,0,0,0,0,0,0,0,0,0,0,0,0,0,0,0,0,0,0,0,0,0,0,0,0,0,0,0,0,0,0,0,0,0,0,0,0,0,0,0,0,0,0,0,0,0,0,0,0,0,0,0,0,0,0,0,0,0,0,0,0,0,0,0,0,0,0,0,0,0,0,0,0,0,0,0,0,0,0,0,0,0,0,0,0,0,0,0
0.00807428566810432,0.0495672655059399,0.00184729947672347,0,0,0.0399866891668212,0.000876965216089718,0.053327357769295,0,0,0,0,0.00394928244685885,0.0490224372188901,0,0,0.0223607138254645,0.0060910588889349,0,0,0,0.0021775500800383,0.00202657679172814,0.0535097743520006,0.00108135508112536,0.0293032669823039,0,0.0134769312358233,0,0.0226860306990068,0.0020765805715773,0.143278655080421,8.14218888631115e-05,0.0120223460529179,0,0.00172954749969038,0.0560065889814026,0.0117652075002265,0,0.000706111135556886,0.0317368241952838,0.0172513533157448,0,0,0,0,0,0,0,0,0,0.149873489532572,0,0.000672381757074323,1.86145131346338,0.0387424121504809,0,0.00564037121685696,0.00411692806921042,11.5003770380222,0.0354883815080195,0.00168173990153721,0.00121917344830107,0,0.000555547026835385,0,0,0.00185676906335686,0.369517452948556,0,0,0,0.0799821592649659,0,0,0,0.00150979077020484,0.00620475657854075,0,0,0.49578294952172,0.00419320616199141,0.000338576226381695,0,0,0.000241152151927984,0,0.00084981627714298,0,0,0.00693609224188616,0,0,7.23885378181937e-05,0.00121912490102889,0.000577645416125779,0,0,0,0.000567888654187253,0,0,0,0.000276100589824951,0.00542166499539558,0,0,0,0.000665241441613917,0,0.000154196890575282,0,0,0,0,0,0,0,0,0,0,0,0,0.000711735415663287,0,0,0.00038669694883819,0,0.00093412934924717,0,0,0,0,0,0,0,0,0.00144459295685706,0,0.00027899277949358,0,0,0,0,0,0.000334375303162307,3.24487969461298e-05,0,0,0,0,9.45054610240574e-05,0.00852422466485997,0,0.00236841116354776,0,0,0.001284830252758,0,0,4.56541163280852e-05,0,0,8.87235115723528e-05,0,0,0,0,0,4.78758277407878e-05,0.00375976615581537,0.00516751014249245,0,7.37078551061587e-05,0,0,0,0,0,0.000546083678509457,6.13177030012874e-05,8.57281692274959e-05,0.000939823018572006,0
0.0154672945626418,0.308801193613763,0,0,0,0.100037831616128,3.49417297644609,0.0459429724277813,0,0,0,0,0,0.00146607180641565,0,0.106511626675114,0.138216015219628,0.000799864804061733,0,0,0,0.00970529496170694,0.444738570006078,0.396566395121566,0.0035611855609199,0.0718738540532977,0,3.37658962309334,0,0.0112482882558255,0.52715878263357,0.0302851583696663,0.00027060324893329,0.0439289860282002,0.0122370408809165,1.78606136133371,0.00695796120064407,3.31838463835965,0.0514647486486464,0.0250195800580724,0.00237358965433126,1.02940469271409,0.480722069309078,3.48353546112752,8.74629645653668,0,0,0,0,0,0,0.149216042586708,7.93870649994587,10.5747743674136,0.0728482658581964,0.00972663817375705,0,0.00126863764237314,0.00558363377808962,0.00757068343200941,0.0808517109584084,1.61589593401895,20.6489865649814,6.57680440047392,0.00285231932641689,0.0593815155887676,0,0.00317702732182664,0.0428947216197268,0,0,0,0.0527787987694865,0.81806319104967,4.20062241479015,0.404873094081909,4.78857128167706,0.0105303221313087,0,0,0.00138353028453795,9.13863444786109,0.112286466047506,37.2262525287754,0,0.033885368527806,0,8.99760985063591,0.314501118679201,0,0.00146570217900893,0,0,0.0264839172445833,0.0237587703160361,0.037471360916601,0,0.0021967927769903,0,0.0462891677150033,0.0243200414545713,0.00201757769820858,0.660125178091274,0.000428983171080716,0.0242621750402106,0,0,0.397804724249171,1.04864471803113,0.000320401779269678,0.00663912436158941,0,0.00278989857742415,11.0462880906272,0,0,0,0.421096774565975,0.445798101208121,0,0.0135336582905989,0,0.0179602248488468,0.170038475673476,0,0,0.00765177778089068,0.102383463341371,0.0133952550160167,0,0.0468438611926262,0.873490571811601,0,0.0635061913198633,0.998196218790986,0,0.00123701580802679,0.000519506047154695,0.00402847117201111,0.162296361101354,1.80229442495612,0.00165084966796727,0,2.06249680781114,1.94782066276706,0,0.930628300605703,5.95594200835035,1.04335816093906,0.00175231427911396,0,2.90662784773531,0.0191098824765862,0.0218757961702603,0.00195289889728188,0,0.00100773428374143,0.0228324089846491,0.00278348745470401,0,0.803779230207285,0,0,0.00430238511127325,0,0,0,0.00620467023174903,0,26.9781186394573,0.00484291060113155,0.0294147023233381,0,7.95067482125707,0,1.00179739508119,0,0,0,0.1380488338418,0.0565696808608984,0.0269749049786174,0.00167366908058577,2.25142653432943
3.44942685870377,0.109422893130204,0.00280137901573922,0,0,1.27796845142639,0.155239043250058,3.2305253832956,0,0,0,0,0.000284360407177831,0.011015839323014,0,0,0.214728469750575,0.0034587251708091,0,0.0021775500800383,0.00970529496170694,0,0.00637147775929348,0.129535505820932,0.00125521052780728,4.25557109892554,0,0.0471800127586886,0,0.0347681599105002,0.00119987443216242,16.7695234194154,0,0.0165806479998289,0,0.0159763901655387,0.496664339356212,0.0788119809750864,0,0.00178492003713478,0.00316544776131556,0.0182712866780492,0.000436823774756567,0,0,0,0,0,0,0,0,0.566617722242785,0,0.00090779621753597,0.0495041203023369,0.0755705874584701,0,0.0157007796974664,0.00519647938186909,0.0852208105613878,0.296740261383054,0.0403801385048028,0.00979922339040362,0,0.0011687462990562,0.033356682201642,0,0.00162940289387551,0.569781803016491,0,0,0,9.05204667429427,0,0,0,0.0595300139395619,0.00534025108971381,0,0,2.2611845597835,0.00141716798332907,0.0315940526080266,0.000817624993249812,0,7.80873180996791e-05,0,0.00908405995256428,0.000354569508630286,0,0.0117714191533109,0,0,0.0263924908590744,0.00184899828648779,0.013467184639719,0,0,0,0.0266208557905572,0.00274287046032425,0.00108274003358091,0,0.00292776853790583,0.00758764983844827,0,0,0.001439637514507,0.000523052837751808,0,0.00163098672765502,0,0.00700001244613446,0.00108536531788828,0,0,0,0,0.00360824150809119,0,0,0,0.000431995126946097,0.00743782271270107,0,0,0.0131349327879942,0,0.000357135910242551,0,0,0.00166520816993724,0,0,0.0043557526987794,0,0.00170487086632176,0.00190999440223846,0,0.00624098925578838,0.000460666673616324,0,0,0,0,0,0.00590369307471088,0,0,0.00249378664589199,0,0,0.0159510974499479,0,0.00262560932672023,0,0.000792278630435347,0.0182453310959806,0.00176063565840883,0,0.00260518596848909,0,0,0,0,0,0,0,0,0.0105845949196554,0.00477911854010402,0.0464714592739186,0,0.00261988564474755,0,0.00215627351858729,0,0,0,0.0339483181888728,0.000239200316805985,0.00709452438182628,0.00280146882653173,0
0.00890331045300775,0.252967838357343,0.00500838003979459,0,0,0.0136210563450944,0.663476704336512,0.164353225955966,0,0,0,0,0.000424631333599206,0.0239495734130711,0,0,0.27767777360491,0.0319886557453674,0,0.00202657679172814,0.444738570006078,0.00637147775929348,0,4.09022019039348,0.130778560322545,0.213774765240397,0,0.779105191261951,0,0.0927599662220991,0.00545603671845816,0.215361351143494,0.358633002282514,1.06873423461277,0,8.30530355687159,0.05949126837126,6.88166040648684,4.24876457783829e-05,0.142836254447339,0.0220590544690566,7.80272110919953,0.000136056471657313,0.00443782940189954,0.0208731371253779,0,0,0,0,0,0,0.00307635145790245,0.025483380620763,0.0183319676656105,0.185587134073882,0.154318022924714,0,0.0549499420327301,0.0399618335320796,0.0985817219031048,0.13085271456607,10.9623577823842,2.16765164981161,0.0143297072713972,0.0814766595712284,0.0235581438051269,0,0.576785530240586,0.219970647603085,0,0,0,0.0597027899118985,0.0023419481019626,0.0216990326145392,0.00233204018149734,7.59082781248157,0.307694683726587,0,0,0.0170692013501246,0.0849858526184988,0.177313521161423,0.0615856818804088,0,0.0512226358868213,0,0.00892566427530965,0.00103933046112163,0,0.0192591888416492,0,0,0.0432060938600953,0.0178639296798115,0.0869327019060229,0,0.00198993795575958,0.00716925366056112,0.0684075350627807,0.00485360543871054,0.0161801561587882,0.00584027848807326,0.00289693778818484,0.028954187300624,0,0,0.0270041369758972,0.00885964939813461,0.00396398094514199,0.0656672776900375,0,0.00928508727443537,0.0185850777152246,0,0,0,0.00165225912802417,0.781142542818628,0,0.000597963554841374,0,0.00231780266032231,0.0408865819994104,0,0,0.0176345272589635,0.00117757504578524,0.000271357891814355,0,0.000407319233733591,0.190651357307953,0,0.00225551390013143,0.748877636180765,0,0.0196184656563188,0.00316124755447311,0,0.811995400781684,0.012493524910294,0.0345463898651421,0,0.0114682720303437,0.0198264747821058,5.94509081838258e-05,0.0495874458502608,0.0261137160428607,0.012519888329397,0.0119844614645855,0,0.0337824057741623,0.0385219149120935,0.000726363823091436,0.00793319630822631,0,0.00447359687371839,0.0373294048307071,0.00684939548739829,0,0.131721109597404,0,0,0.000483786918602861,0,0,0,0,0,0.299037956079809,0.0253383051249895,0.0673534962747589,0,0.135030471360888,0,0.250838752461873,0,0,0,0.061573060715605,1.6853488122288,0.107597843769506,0.00712301659177206,0.00725360276814548
0.179495693376678,3.36483826129105,0.323098237895431,0,0,0.636108540886775,4.48157885962038,3.04821404530044,0,0,0,0,0.00379920273248437,0.451793629839651,0,0,3.59981428404803,1.08469144323708,0,0.0535097743520006,0.396566395121566,0.129535505820932,4.09022019039348,0,1.568913512319,4.73478763154095,0,9.43487304113015,0,16.2766856124118,0.0571073680903652,4.18082692879324,0.0472035675611501,20.0386034661058,0,3.82904004670907,1.85717705597947,12.5348960705424,0.000878150519982054,1.57030577866354,0.714155724090137,4.85955864310073,0.000945572739091891,0.0033454858065422,0.0145580869735094,0,0,0,0,0,0,0.103263971559721,0.0206435462996694,0.113354371586455,5.15446965725289,13.9148611339228,0,10.1438348063551,4.0698774094534,2.03729147541278,8.28810141812218,1.28463751152889,0.917024058380302,0.0169872688651074,0.788171270785121,4.09168741532573,0,0.331531021262658,3.38361682063097,0,0,0,1.11804396258682,0.000827411048065996,0.0117471190324378,0.00104090414082018,1.84489319392122,2.80068697736491,0,0,0.413755679300878,0.0612135885921887,0.7529645915646,0.0463778668085331,0,0.647945307491686,0,0.133632032460729,0.00283062708270986,0,1.23306137832908,0,0,0.338413782366364,0.0743146299291267,0.268761359534454,0,0.00158120698784738,0.000380177053485274,0.594201970157786,0.0245161928630201,0.0220639998353517,0.006276424656392,0.0323397525022632,0.188460030813634,0,0,0.0959624833203002,0.0143900731482654,0.00273610583804967,0.0504437176884497,0,0.072789166323508,0.0267737211489151,0,0,0,0.000381371833198612,0.0716278832241301,0,0.00130369416430842,0,0,0.135956538749632,0,0,0.127243139742382,0.00124611141516035,0.00651834406349235,0,0,0.182407623137996,0,0.00251183035558412,0.098885037427172,0,0.0254721417194277,0.0584016249588779,0.000392849215136548,0.500700940664109,0.0224970156343494,0.0181294257177271,0,0.015653596041833,0.0339443625083434,0.00143085881390575,0.068133372029058,0.0258013488091901,0.0199049814704637,0.0484828730135809,0,0.0393479046384503,0.437540664992419,0.000894708374029108,0.083989636404257,0,0.0192287545656329,0.276695163587242,0.0212249519437179,0,0.126746010713273,0,0,0.00125646518767292,0,0,0,0,0,0.335608855810449,0.138976597019,0.588907347400128,0,0.143992843636057,0,0.10305815876445,0,0,0,0.486754888706873,0.299567717782428,0.156645976798213,0.0406230184184517,0.00985778631736976
0.00222209899337549,0.0266402030473023,0.0114576575636547,0,0,0.028479086810157,0.00890081721066313,0.02200980283274,0,0,0,0,0,0.00610423715212196,0,0,0.0191035092127001,0.0503844032566324,0,0.00108135508112536,0.0035611855609199,0.00125521052780728,0.130778560322545,1.568913512319,0,0.0348081158040576,0,0.0378265665990511,0,0.0321386365424949,0.00034417623568191,0.0365820573188266,0.0092773180117639,24.8335534939498,0,0.0685520340271507,0.0746708225376335,0.386757867018969,0,2.11569336028286,0.0132668112355208,0.233289122243838,0,0,0,0,0,0,0,0,0,0.00116148125294605,0,0.00171290177319404,0.0891309297465739,0.351917383608425,0,2.12811096554925,0.0266378753058256,0.0238011885692757,0.0609408520047275,0.0485149409266846,0.0170208005760708,0.000187833840215113,0.472684752906111,0,0,0.0738908887309934,0.0285153109302474,0,0,0,0.021613874942273,0,0,0,0.0289437410017299,1.00811535931351,0,0,0.00801240414176944,0.00111668039853127,0.00232598531052492,0.00101721645493203,0,4.26229133412934,0,0.00556268598993721,9.58496246395643e-05,0,0.089597526932738,0,0,0.000985244019258319,0.000210843675561006,0.00273311291720214,0,0,0,0.00355547684973944,0,0.00035900045350168,0.000484354128530826,0.000147332563048132,0.00124732731110393,0,0,0,0,0,0.000506565902439773,0,0.000203481701401906,0.000669972118736726,0,0,0,0.000378774513307013,0.00038214808923738,0,0,0,0.00012595696953721,0.00039286995225245,0,0,0.00050720274198791,0,9.36787596647545e-05,0,0,0.00297025017683448,0,6.69253613694715e-05,0.00184398775248967,0,0,0.000537139556983728,0,0.0139281963702621,0.000661435860485241,0.000452578086024821,0,0.000389064699928611,0.000193866674613668,0,0.000509947367020793,0.000412620074000059,9.475018149577e-05,0.000175530485715752,0,0,0.00508442057526243,0,0.000323450322048667,0,0,0.000642017497880529,0.000704703451028355,0,0.00234706879397066,0,0,0,0,0,0,0,0,0.0045549486668331,0.00127918192337719,0.00318821189605742,0,0.00249841480070026,0,0.00193462876749347,0,0,0,0.00203247844535605,0.00837936183941852,0.000760527804534332,0.000297002542441426,0
