0,0.0127501622654596,1.50035027153372,9.05543698901702e-05,0.00364872012792367,28.9533253955183,0.567918230953329,2.25652498373456,0.000693692949618803,0.0115970862416823,0,0.00254576661050639,0.00226407280955476,0.00541846893261014,0.00582912234218153,1.87945525549928,0.036451489226261,0.0474625615637232,0.584989726548193,0.00304771529907077,0.260244350141268,11.0911207747165,0.0661839442401307,0.117807986964246,0.276493570125733,0.304964554931828,9.97177178889246e-05,1.50885958951701,0.0301688559956363,0.0283492393189274,0.00523431178121477,0.740701764880739,0.0645166598731561,0.0571522725226204,0.00268587748294125,0.144024789001605,2.08207171681284,1.33291233011339,0.015083637205655,0.955449160060789,0.0361432688814831,0.219337069104085,4.90986242608355,0.0341949879311666,0.00582418093260634,0,0.0180815899582928,0.00654148903112619,5.08122001431895,0.00133170272099409,0.000470656369913159,0.750707798297225,0.0166211943976581,0.261591333740554,0.417686059146355,0.0488203303365425,0.028676502371445,0.106065818084688,0.116841242276139,0.173002910959457,0.507931639091077,0.222854585721831,0.0630458095948464,0.0198715568302449,0.127646717151255,0.0420788974828204,0.016152879933584,0.0277170353516116,0.00720740730863253,0.00395191240190574,0.0141149441247556,0.486273911104988,4.61051155057922,0.00322132286605524,0.00403178996077815,18.7128695293184,0.0897852396996896,0.0422249425302227,0.0194543047743306,0.021986129219487,0.804330894283333,0.802836042789381,0.0368201073982873,0.0590416841030739,0.065059898852694,0.502369614918948,0.0673641966764018,0.722437666892501,0.0301944265983221,0.0115557827178062,0.0366874213097707,0.0051996528218282,0.00474742710565816,0.00404921702320198,0.0818420933402904,0.0208762564729034,0.000646784736377089,0.000594008203239901,0.000463234407135357,0.00719648145888991,0.00494188542471251,0.00154699740128958,0.0342063094990799,4.9209938066952e-05,0.0356598094026581,0.0048132278926086,0.00378794270329024,0.0145213710389407,0.161552501079876,0.0245443537446769,0.00754141951126794,0,0.000793726473732398,0.0340116227908528,0.00118141975939496,0.0062570816899055,0.000257690426685218,0.00267470573611369,0.0508944319737224,0,0.0502471732768877,0.00353062735020662,0.0187130213706395,0.000545464287118338,0.0142574114371157,0.000121357374922309,0.0078199539730731,0.000241132202211758,0.121711659733219,0,0.000241972160815013,0.00852565836054698,0.000173761047727627,0.0618454638323958,0.0173094796134996,0.0117055861799158,0.000602393354310446,0.045662244317128,0.000451538539315888,0.000585947151198606,0.0449617874518579,0.00240832986812315,0.016478571450691,0.0288802882577878,0.0118582576931052,0.00760370467613429,0.00205590847157503,0.00196521932392773,0.0610625788266888,0.00291763723872889,0.00292459170525119,0.195441720486063,0.0389941443326783,0.0106058600937703,0.0242600047595712,0.0413736488598282,6.60401294421131e-05,0.0145733017338942,0.0006913911471061,0,0.0248161517996675,0,0.00274888199000972,0.00836763216184431,0.0135926800989818,0.0250558730777928,0.0354095664434446,0.131712752348008,0,0.0299061621446211,0.0331654586935207,0.0108171809118001,6.67329898336854e-05,0.0338263122495424,0.00351295534326894,0.0508503248880963,0.0124943739925865,0.00287864347125573,0.0126580375975007,0.0277347732363625,0.00591462423117804,0.00165297100057058,0.00237764279427128,0.00049647927076258
0.0127501622654596,0,0.0190376129972954,0,0.000318629530741488,0.12075435149135,2.1799278052296,7.31043539025968,0.0344895532531024,0.0231528881111147,0,0.0420761512851362,0.000601124470870559,0,0.0330833122650578,0.0235876533777049,39.6119778990051,0.0304295836175976,0.00137357199474768,0,5.06220858683581,0.012896347940677,0.474453125106028,0.367516235246281,0.00534250531723557,7.30830077902236,0.00850760502649015,0.280067825784888,0.000265676417278804,0.0757769375488282,12.4931056634083,0.0480194002920812,0.0207308202061803,0.0732067202702406,0.0382721384507108,17.4990589798985,0.0325310943390959,0.128376675717865,0.000221713640110286,1.99929916279308,0.0229695871135987,0.064177497601054,0.00302880279584633,0.00240103038780199,0.00109671421361179,0,0,0.0941153471140879,0.00427132112046774,7.33394152482164e-05,0,0.00356881816164997,0.00108671072220881,0.389248476397198,0.0562593413690314,0.0498670655517318,0.00193672584603277,0.0766293586469879,0.120754983620259,0.00998818773567029,0.255672923428779,0.161313407063563,60.1087900425739,0.000297616612548249,0.00591947680162886,0.217911355417669,0,0.0328888549105672,0.030617435135119,0,0.0228009792021668,0.000307725175600088,0.0334766765491047,0.0628094880036391,0,0.00582544540704253,4.20339837433873,0.0576793970962112,0.000353586513417086,0.0947245974479193,0.00181678317984979,1.28433551980683,36.0549852107594,1.054489968495,0.000302720527196239,1.64196842578951,0.0694372914063124,10.8878545833548,0.56308170174043,0.00018720928270757,0.0173629630356403,0.00720691586067143,0,0.0520881685257246,0.0368177651477192,0.0686656734095516,0.0126527148434242,0.0170311492930507,0.103233133400303,3.30445656246895,0.0236030758571701,0.00618606463365212,0.162622290986597,0.00221439665769232,1.34219846565659,0.0314087775158113,0.000196228277817189,0.0582727072764193,0.218199515068847,0.00265964695735091,0.0120994183583284,0,0.0123130677534783,0.665937689906065,0.00022708385049391,0,0.0274982429336561,0.017205353562826,1.48568365542943,0,0.398040426809344,0.0395832651761811,0.0146973499616275,2.14051771078182,0.0612969272172703,0.000775678930020094,0.269550741712285,0.00258117429271131,1.60672526818209,0,0.001190668096677,0.569677056649922,0.000458517205922156,0.0142619254582884,0.715311847927718,0.00234621234466977,0.0057477187304438,0.0288596652383649,0.000955949698781228,0.0112550813439769,0.00558890308056878,0.153221413237201,0.00019761773560205,0.00780610782422295,0.00364426447813636,0,0.0245339121894564,0.177870751764507,0.000755764787913297,0.00650480773502927,0.00988818489636053,0.034406408950454,0.0660090544522658,0.00194036181556162,0.00771098332179606,0.000351256910200916,8.11771608769454e-05,0.0213352454795568,0.0053177258216964,0.00410732205571834,0.109255175971714,0,0.00176700225767542,0.00592699109851239,0.0196340233219789,0.000302053158093721,0.00646418336232922,0.000354623876960053,0,0.135335524787418,0.0531568969832895,1.723787967389,0.000324073954184327,0.125523855685421,0.0764393152288928,1.84891719171933,0,0.00160836286950519,0.00219383478976131,0.0401089602880328,0.444765463507144,0.00635940919384278,1.52661993926762,0.0049934540757894
1.50035027153372,0.0190376129972954,0,0.00179277164827251,0.00687572411830728,7.40083734383706,0.0256694579198293,1.69693697332225,0.00366191923208677,0.0282657651255997,0.0220154039463292,0.00561850201344211,0.0635145407404659,0.0020802990859872,0.0271468247079192,5.68290088021222,0.00541873906891957,0.0713880277995648,0.559216952195958,0.0572007507341699,0.45219083409083,0.217703197553508,0.0634327412343145,0.665056079237396,2.90342915272038,0.311470236877669,0.00127541712292652,0.0643392582247791,0.029137911022647,0.0536464199238006,0.0676323548193583,0.50354864489343,0.0416087356391401,0.188911661708872,0.00951777874244278,0.0451102424099002,25.688785616406,0.24585824681171,0.059655721605462,1.4122418148069,0.0470415050339705,0.0947886553093221,0.496112519332203,0.933417039617567,0.00304846945815595,0,0.0326366704784764,0.014039109301217,13.7713365727633,0.00459704247516122,0.0197442176498603,0.790943907409126,0.0994458932703169,0.218823723586861,0.20637161447775,14.1737961684188,0.475885524543836,9.57347252100114,0.19505424209881,0.184584835884329,2.09530104740153,0.0508175955569953,0.210000708697294,0.141202907895164,0.631960915348073,0.0207125302067166,0.233421112145172,0.0208335337129851,0.0433206382047131,0.124321459372045,0.0363595270756329,0.0443929485730252,2.48795819764457,0.00822678790804805,0.00259841913412921,4.96694422071404,0.0924385726965791,0.204902807601179,0.135126349092742,0.0827362492251595,0.130431973926271,0.626629003143329,0.0136498038385018,0.108783052384104,0.0860366429698476,1.66314302283657,0.161657909875586,0.621713455371188,0.0333158056948456,0.00702415312654502,3.38493027405518,0.0116922721924921,0.094230783945899,0.0014297008158004,0.0660919778028841,0.0149728308534144,0.000847204122537518,0.000252117937745862,0.00120952478068187,0.0537810190133219,0.00202500210240379,0.000623750187175819,0.0598834971903312,0.000370373080649332,0.28033441896198,0.00142974211418677,0.00221198819666254,0.00292251844093514,0.241955813867924,0.0262694776988992,0.00665261411133852,0,0.000382892851551617,0.0453887119480655,0.00174408474400572,0.00295837518993818,0.000190655414724792,0.00374439504047242,0.142246479428895,0,0.137592403160716,0.00145338605998493,0.0262075176086991,0.000258367344499471,0.0356403791163017,0.000102497713137448,0.0738595734275037,0.00125835127529213,0.53389671581842,0,0.000772866182288558,0.00799911041432071,0.000197284353234579,0.090977104744551,0.0177633502858448,0.0161284320063,0.00157213213079399,0.0489879819021303,0.00139491080924349,0.000164572677642053,0.0278670539975721,0.00306893402170213,0.0102106176002941,0.0127380744180661,0.0152719936910902,0.00384376167042741,0.00268058776659501,0.00506551818479413,0.0362780627537524,0.000686659530039655,0.00995435246446746,0.301553857816329,0.101298838469193,0.0112979676866455,0.0199210718643036,0.0211700690369674,0.000137747954886815,0.00302792328455582,0.00340091733209832,0,0.0079601219571124,0,0.00528211171111208,0.0187389295292717,0.0237365449200186,0.0148165659440545,0.0444313551724628,0.0594407630732388,0,0.0286047334754215,0.0876525245774272,0.0156507995060108,3.97059277276852e-05,0.0663679768350387,0.00599824437503641,0.06252847816855,0.0067154277544598,0.00932721331273703,0.0142953371373346,0.00746516009961081,0.00699579994516537,0.000842710004593105,0.0156333039221445,0.00210490621237798
9.05543698901702e-05,0,0.00179277164827251,0,0,0.00469183621452294,0,0.000565463285414153,0,0.00077149056494215,0.00215094155974436,0,0,0.000773745190681146,0.000570345646528528,0.0237466008375375,0,0,0.00519042760162879,0,0.0146201448988891,0,8.21770269458077e-05,0,0.00934062653758462,0,0,9.88656958315938e-05,0.000359780774748086,0,0.000316021501296559,6.61366595406912e-05,0,0.000544402535788939,0.000638108844118516,0,0,0,0.295051022559811,0.0184747618641573,0.000179347390728328,0,0.00106428949268555,0.0188862629592404,0.000219484054722746,0,0.000318029212810452,0,0.0135423738426574,0,0.00582706937319479,0.000771497058358002,0.0361010105355933,0.000126270290618614,0.00196879814894149,0.00210077018659074,0.483860877997911,0.00450394181385657,0,0.00012800527251465,0.000194059606469537,0,0.000150011990149378,0.00941775992930565,0.00456087027295678,0,0.000523873533533595,0.000253310859969606,0,0.00103909772712959,0.00174632738841243,0.0019400337877959,0,0.000608543506678383,0.00090527007789698,0.00616206558610759,0,0.000479019727865619,0.365741802598659,0.00353277628778789,0,0.00677631971627218,0,0.00238918789812961,0.00118729886060718,0.0254288385113113,0.00327666560718791,0.00142490822914863,0,0.00122370715729014,0.00186277916403284,0.000618237876568589,0.115114579911269,0,0.00402778946371109,0,0,0,0,0,0,0,0.000419489193234832,0,0,0,0,0,0.000859836230082863,0,0,0,0,0,0,0,0,0,0.000350555342279235,0,0.000361851518149135,0,0,0,0.00167496920964951,0,0,0,0,0,0,0.00015206223239048,0,0,0,0,0,0.000673225207746824,0,0,0.000519624633127616,0.00029336438537577,0.000243920749869748,0.00127824498099032,0,0.000832186373606464,0,0,0.000326215231420506,0,0,0.00259358494844055,0,0,0,0.000315136172051333,0,0,0,0,0,0,0.000164668241714348,0,0.000278014368259517,0,0,0.00623584056755676,0,0,0.00026261357468391,0,0,0,0,0.000151779235272806,0,0.000138620160680301,0,0,0.000326178834156171,0,0,0
0.00364872012792367,0.000318629530741488,0.00687572411830728,0,0,0.0206307843690099,8.0468701078403e-05,0.013506393327213,0,0.002333445950231,0.00118519251825319,0,0.00120372600944097,0.00518895629663997,0.00229384313050908,0.0654631324126671,0,0,0.00989314674008333,0.00242007874427053,0.0324800411970333,0.00182275673265525,0.000450726979398638,0,0.0371997107803868,0.000239482266011719,0.0299226637640786,0,0.00205820857359639,0.000228133656770317,0.000251180128258349,0.00674174935240526,0,0.000293639389384139,0.000344523339853143,0.000854014577889341,0.00205423664686815,0,0.0313616354581071,0.0227404315285954,0.00236445540289773,0.000479655277232649,0.000894137072835376,0.0608826883320668,0.0020580689674932,0,2.38618136226479,0,0.0479614301351378,0.00101955129894015,0.00138622559139049,0.00431601805973793,0.194378610825707,0.00983870429562745,0.0187889254537718,0.00416909540501148,2.94791845298941,0.0151362063039669,0.000280765627030076,0.0029539278404169,0.000795007217985176,0,0.0024370755923382,0.158514934490476,0.0152895176078028,0,0.00216137219671263,0.000121975242912036,0,0.00257580043557093,0.00477824023694363,0.00822738556370227,0.00129708921484957,0.00209848494597979,0.00458798708521062,0.021279092151982,0.000211054691611715,0.00148276694999796,1.41346707558628,0.00929713052075478,0.00216704102244056,0.0340621775294663,0.00032300133251318,0.00685206539317938,0.00464457029291108,0.0490602797448728,0.00799001291793463,0.00242584037695594,0.000338895534222816,0.0277052112223894,0.00791074490013981,0.000324317723806936,0.00206926623401979,0.000138371867442067,0.0216333233148501,5.28503197541181e-05,0,0,0,0,0.000295123993103146,0,0.0181153052677961,0,0.000614312582979441,0,0.00107478634559847,0.000289168132469347,0.0290665338714229,0.0239693219756009,0.0106396915461378,0,0.000402755341861721,0.0190572498193,0.00222491039727693,0.514129042562885,0.000409598003088078,0.00421595364314146,0.00347315946230766,0,0.0115521412353811,9.69162469963885e-05,0.0410106015488581,0,0.00196101914443896,0.000266442255280963,0.000256789150585676,0.000649993706216059,0.00283431572440319,0,0.000527525866601289,0,0,0.121540362882864,0,0.000362096667225652,0.000563737933730768,0.00311432185456597,0.0016241390165457,0,0.169573793382193,0.000248618054575303,0.680659691135909,0.00928946893504273,0.0309619194345071,0.00818114169944108,0.000127813337131265,0.000934272798817137,0.180066070345584,0,0.0216282646807945,0.132660744016582,0.000349857889492954,0.0223649004148149,0.00279459032406101,1.46002104030842,0,0.000102254190414751,0.0001363029600728,0.00190200001799371,0.000520626146264648,0,0.0132628015680842,0.000598165963406668,0.0319298770910858,0.0073946972429163,0.0717263822589607,0.718514836524604,0,0.0273656666773704,0.00146564847847433,0.000376108279336151,8.94410740001814e-05,0.0296322971305146,0,0.00481423233694231,0.586826309991506,0.000505713723625832,0.0142977991271138,0.00134231549167696,0.000224566986472691,0,0.000356325305740047,0
28.9533253955183,0.12075435149135,7.40083734383706,0.00469183621452294,0.0206307843690099,0,0.637856853548527,6.32661754591139,0.00897608989779197,0.082442852510872,0.0214033762907967,0.0177844220953061,0.0986692858049648,0.252085278274898,0.114522319531939,5.97575757265145,0.0410517675314252,0.240737892337187,0.871250257918739,0.0609981793295044,1.21049188510549,22.3067398712827,0.309919890334498,6.29381814609902,1.24209433558717,1.10330249695209,0.00326890858829604,2.53848059586723,0.301035632580661,0.352632075510692,0.137844762724739,2.12697388633016,0.223510519360885,0.650012717353635,0.0226072049468283,0.328044156126001,8.14589244566151,3.40084029031182,0.43618460450517,4.92389997041317,0.150443492250687,0.727335200985741,19.2567500986493,0.88145010960263,0.0128229214600196,0,0.146717413810822,0.0287461992115004,6.0937704688956,0.0109300840970823,0.0297911541731146,6.679522477448,0.400675439069523,0.563346882494174,0.630578170812931,4.16429143464309,0.793788554519755,8.89342911626825,0.752223786993102,0.301777582403375,7.60880833851644,0.473810786214444,0.269310938203739,0.745272575299642,0.537494675315096,0.24876675776565,3.17071714711701,0.0983939072997228,0.0408578419129387,0.21666675852885,0.112077678459529,0.510532344674437,15.0435411269604,0.022753059178016,0.1861420555249,15.3722875125363,0.40373976267816,0.307856292311597,0.420425522263663,0.176923300920278,2.83004554563078,1.94798778193081,0.114984098289982,0.314318759029913,0.175012583384652,5.81725727445183,0.466308184708219,2.91865680931535,0.158304576915729,0.156801807473119,0.830983309451763,0.0337954055584137,0.230635672656218,0.00848611832578227,1.42087044803985,0.0636428603781731,0.00211976565286058,0.00140035711369426,0.00617177098387421,0.0755360099195079,0.0165302515575132,0.00395287522163794,0.184529948977653,0.00263115803767301,0.268545212642526,0.00987085393325241,0.040373537966832,0.0231937888752,1.36584286169283,0.0676042911618716,0.0370630718339164,0,0.00352875854571581,0.125748109967943,0.00755672514433138,0.0779189978624661,0.0010945654355652,0.0231550532730923,0.296788687110137,0,0.369480039071793,0.0160957299753173,0.0855570814103841,0.00382174948601361,0.0935005849267876,0.00077038853476023,0.0653135741589262,0.00298678860079711,0.642315834239673,0.000689099224442317,0.0022297997779603,0.0384622315968628,0.000553525816635451,0.232578651600958,0.0833859425380688,0.0832732712232152,0.00564103957836575,0.203665594482937,0.00396622689835442,0.00198011203098203,0.346449720448129,0.00710825391925145,0.170658768311103,0.514276578131838,0.0841327414772374,0.200019538343343,0.0139655255383387,0.0231408842878569,0.323675217654568,0.00729856910398251,0.0231144513889027,1.39135857257434,0.114954575373466,0.0733946187239843,0.135837614229186,0.313301044847949,0.000754967215415995,0.0255969973875584,0.00783696880602082,0.000492430232707911,0.0601239080718926,0,0.0233283044012326,0.0830311448851515,0.0486299064440701,0.125973594788309,0.170159790031236,2.29506865831735,0,0.0816073666651574,0.228776663052378,0.0373481763554692,0.00123525283151021,0.155402777745556,0.0195909816894794,0.136798381741238,0.112690009296901,0.0191285316819448,0.0581190904037344,0.048331078559366,0.0330579274262958,0.00523281111280178,0.0304991556359927,0.00381716315895407
0.567918230953329,2.1799278052296,0.0256694579198293,0,8.0468701078403e-05,0.637856853548527,0,5.88237637738631,0.115881963531486,0.146617070226879,0.000348449352525523,0.192364387079711,0.00169161828375621,0,0.113968144849404,0.0768552748661468,0.959994041506502,0.34389073093884,0.0130066812541756,0.000113937514785008,16.1436199992167,0.539945481672722,1.00592022454411,2.11130663390257,0.0297917466092153,7.16280765979522,0.0447696855275829,52.1825508801089,0.00259879032183054,1.11393859079342,0.134629532848178,0.0445710950078898,0.389713423979913,0.598374858643348,0.140620530297484,5.59316689594837,0.060894852220264,4.54650665746838,0.00171964459128955,18.9526056480475,0.00457388727566232,0.92535598781009,0.0702192740293343,0.0189196201820007,0.00402272054049446,0,0,0.39990119684349,0.0772324507842323,0.00194662844979414,0.000568912372303249,0.0701128762251873,0.00306366122748034,0.00672841413915041,0.00142213586280025,0.071889967151043,0.00455085525259509,0.0519405360633466,0.815833348463036,0.00443197742402538,6.08143240454976,1.98538609786938,8.54647915354698,0.00272015072629399,0.0717210556235698,2.45662578397991,0.00991552534878948,0.240485603726228,0.00774123531633776,0.00080246740881628,0.232216954122707,0.0048877224457174,0.0926866726235393,0.24037121437306,0.000372625576629624,0.0838267147060908,11.3128005427614,0.246049826069989,0.00406156029807481,0.380624565055526,0.0416014874342863,0.0107638732257978,8.73959093619937,3.92238115604063,0.00374437393770895,11.7550270134732,0.74256026453708,31.873725651935,2.57769190323947,0,0.0621592147297574,0.0411687712221051,0.00158213893072965,0.160073817644667,0.0130520210835964,0.12215569743695,0.0402248829620601,0.00288930215192966,0.0075148144842084,2.10254500380468,0.0397837262551904,0.0130859345991124,1.1630422482991,0.00164287636457875,0.568778402322394,0.113103172443096,0.000576827617681365,0.576247053943106,0.0748934257346397,0.000789290513346233,0.0244032867281473,0,0.0466629588710183,1.1072405704186,0.00882723191913303,0,0,0.102282391866665,1.0168304112926,0,1.45241720162165,0.203229910943197,0.0482285530376925,0.136257963164537,0.335682306834918,0.000505845737099803,0.127020919370859,0.000968993598699838,0.64857676965695,0.00426693032735959,0.00104400811725935,0.152064229411388,0,0.0144999930843197,0.388701074569396,0.00378563480336386,0.00420721269184368,0.0125073191640668,0.0161748036147809,0.0090584155832621,0.00348023633691234,0.0125123576301982,0.00025421006679327,0.00059116401056694,0.0025051527754534,0,0.173366267889632,0.0168442686984759,0.000556737565767921,0.0227356935825813,0.0044627802478169,0.0212905985148454,0.0250618842753533,0.00251329997235254,0.0034036267369101,0,0,0.430130994748685,0.00367863116446488,0.00861804414682479,0.159351406025777,0,0.00108146334874418,0.0051959953169883,0.0695296670337646,0.00281928567591218,0.00388656250030279,0.000935663863927701,0,0.858918143794965,0.0198640556815716,1.90906060231186,7.56793556386378e-05,0.472354540830644,0.117327896601687,2.79347881435531,0.000646911309446531,0.000201798370999157,0.000895064182188023,0.46517369315745,0.154851806484583,0.00877934304993284,1.25684074147041,0.00447649692267349
2.25652498373456,7.31043539025968,1.69693697332225,0.000565463285414153,0.013506393327213,6.32661754591139,5.88237637738631,0,0.0497140886287663,0.127206708356518,0.0029248538882896,0.0845812460510366,0.0831766220207644,0.0383128933895734,0.0758485962461982,1.58523373314213,6.46227811338846,0.0544241254366666,0.13080652930223,0.0194938514678069,6.10978653473379,4.59260619472608,0.188897142535276,0.260766623584228,0.52191787798657,29.137417343665,0.0200612440141263,3.47759421650934,0.0168634961947088,0.0455458552672217,5.670930715778,19.8999217185328,0.070255690278151,0.234871731219265,0.0717964199096388,1.98317586979627,2.24158201372556,0.776823562058155,0.0259691516759949,4.91228925386129,0.454762028095283,0.195089860605855,1.07746881872877,0.387153847481,0.0061819642368873,0,0.0672921211409393,0.169819967274262,0.632817153611835,0.00630044591340275,0.00274916919884709,1.49986687333965,0.0321687264406975,3.18841816256239,0.688441694446782,1.45472313838216,0.106914990750784,2.72548965071086,0.192485615966844,1.95177942375925,7.1546066699083,0.295768004519432,10.0437276237202,0.0518971083229638,0.230788659244689,0.0752260111127219,0.144801693733764,0.0498974926535027,3.27205252564435,0.0468917037664767,0.161490472990179,0.0301082789364422,8.78330211435155,0.125534849561668,0.0305113040011105,0.262957175986088,2.38876701522549,0.0991258377086849,0.032839082871234,0.464274247928223,1.43433687821755,18.7110168980582,0.472936114077047,1.87198616485643,0.0379260104983383,6.01364294661432,0.221908172603955,3.65771644840204,0.5050675463258,0.0573039419283589,0.521073981676843,0.010932571311082,0.0178749428734282,0.0207428672448951,0.743241335431511,0.113944604746065,0.00787849645161232,0.00568588600130788,0.0236661493318228,0.869870487795032,0.0273823454183407,0.00943412829287293,0.482044872330622,0.0161594597987217,2.80437569518955,0.0475004442860888,0.016851533179368,0.035707337740667,2.82759380722747,0.16480836526475,0.0725282418130171,0,0.00400530742161123,0.414157879982672,0.0127292785298773,0.0298380728175299,0.00406187016037593,0.0374378823289291,1.22299226265113,0,1.14067046618178,0.0594024535942606,0.202749342208191,0.00905530018683666,0.317446175718544,0.00121120752144881,0.612234193168989,0.0238108360305564,5.47429293830086,0.00165408222074694,0.0139268865324043,0.146941102811666,0.0012290902291362,0.559204193066565,0.279801393852894,0.173778697604499,0.010031328809631,0.41184128227132,0.00883813691390746,0.00667715644275911,0.250441415306109,0.0319967951005879,0.109428922670621,0.171016651520143,0.118107886257312,0.0355938651669376,0.0234008611234949,0.163425407147329,0.276213743516147,0.00903434729830012,0.111303788894326,1.6264637392394,0.627531765548547,0.110037108726783,0.173552647629807,0.193769330982865,0.00252584557683378,0.0405956299979021,0.0350324254293328,0.00201730977875151,0.0870122150787262,0,0.0486735026881868,0.231127764213378,0.140788391841177,0.111810980509165,0.3259425748501,0.632295627279078,0,0.170710765575807,0.710765183895731,0.26759626921133,0.00197483606899706,0.456386722433082,0.0304583934195356,0.72944183917151,0.0638507443939047,0.00877518874557781,0.10822121171159,0.0901362843090655,0.10060246350658,0.0101534845666289,0.349027766144613,0.0312928700827329
0.000693692949618803,0.0344895532531024,0.00366191923208677,0,0,0.00897608989779197,0.115881963531486,0.0497140886287663,0,0.00402437618078538,0,2.69233668239054,0.000527247002604828,0,1.1991634220281,0.00362463965314491,0.0171010176946809,0.00313067665793776,0,0.000508834212003581,0.0808425285438264,0.000699951925780347,0.0588930512744533,0.0642065368027829,0.000743618924375671,0.0386545626918268,10.4047391928634,0.0945456114199205,0.000510283383480425,0.0177215917654922,0.00180389420882201,0.00568364452349063,0.00313845304030189,0.00265261654293796,8.62128204331278,0.0386387175868731,0.0112094482583506,0.00654260137249296,0.000761673324656292,0.0766835516872454,0,0.00317213908196977,0.00153063694672068,0.00420043870294956,0.0316665501062077,0.0258170797731675,3.35720640883099,48.9715382290072,0.000851644555392305,0,0,0.00226676714457664,0.00146817353602187,0.00160350162497798,0.00113380876679013,0.00540951976330166,0.00502699642875947,0.0128376521309261,0.000741391086971743,0.00178887144349559,0.0537011147490565,0.0277999628934762,0.00606849395154626,0.00938804161234622,0,0.0282073873617849,0.00138250575913169,0.0149662542126008,0.000288559358924967,0.000726482403023161,0.00561873745801425,0,0.00890357892319974,17.7613504614862,0,0.00311586185436125,0.0498717420522245,0,0.781926596338088,0.19244524883435,0.00132168834549031,0.000444019691289215,0.0630855201627179,16.1481807881444,0.0195782121216736,0.0295939760884533,0.0454902432912076,0.189119278666211,77.674000668575,0,0.00181159437001526,0.00322569825354647,0.00066329879676974,0.007129970667201,0.00131594598010677,0.00801755163438244,25.9896979681388,0.00113620651332793,0.00108264722364177,0.00162232443059387,0.00613712700932497,0.000100183428239864,0.0808927511666785,0.000639340625434123,0.00178957254926369,29.6990888197974,0,0.00604718967467499,0,0.000942742731507079,0.055607846458143,0,0.00284351181580569,0.0335889652236277,0.122743276503319,0,0,1.33253169316881,0.00958306446507487,0,0.0357998273632907,4.77728895591462,0.0481442972452854,0,0.027950844000795,0.000431365560199471,0.00286429941833707,0,0.00285041819249265,0.232146878115868,0,0.0114233714178654,0,0.00252535917078063,0.0207150669689674,0.000443166670295154,0.0133279782048716,0,0.257012382397027,0.00240195636430314,0.000583819669912398,0.00173896779381451,0,0.000299353967734739,0.00242338914863268,0,16.2353498385076,0,0.000702885727557875,0.000437231165484404,0.000920298906543889,0.000649918730606927,0,5.03491298897672e-05,0.00047404335100043,0,0,0.00745221933906664,0.000314747822000839,0.397579458616,0.0137241437732248,0,0,0,0.528545060145389,0.0340058572314447,0,0.000105616544032525,0,10.4949470993119,0.000439490725268917,0.019139870921418,0,0.0483395510421104,0.0192066865562331,0.00196278890430843,0,0,0.00612943130237537,0.012507666746,0.0115112619382569,0,0,0.00111419439113558
0.0115970862416823,0.0231528881111147,0.0282657651255997,0.00077149056494215,0.002333445950231,0.082442852510872,0.146617070226879,0.127206708356518,0.00402437618078538,0,0.00320362402028945,0.00837874500101238,0.0055865002548379,0.000607276003923598,0.0185724671521377,0.27869487739934,0.0178455746407558,0.00664919950922354,0.144261818471751,0.0065607592693783,0.466506525469386,0.00925476088765865,0.0690644621177248,0.110260067622863,0.658067418599716,0.062160182991188,0.00268278170590491,0.160916137886121,0.0146732279998433,0.0238850631406464,0.00418998072477788,0.0317218544949578,0.00955266341608527,0.0182382893663539,0.0166538871703111,0.0802788890055145,0.0433574772113406,0.0152545042381971,0.0869106919249631,10.5185906961666,0.00224366352238969,0.003222306956434,0.0333378060745354,0.0964237689141756,0.00113890165579507,0,0.0173639713448586,0.0113621736443941,0.111734449186518,2.21605877108753,0.00313750489628073,0.0493841122316818,0.112618797984126,0.0107965732230665,0.0160531262955748,0.0214306201914734,0.13319510331093,0.0837612243145967,0.00374427400770222,0.0118064845563914,0.0925996295146438,0.0284357124885328,0.0337327417019518,0.102092726215074,8.69266949108589,0.0329903890007348,0.0483924625025327,0.658148186844165,0.00136964907399275,0.0152426930933976,26.9446583467852,0.00798521051376289,0.0412425950110272,0.00768656407218756,0.00115506489459337,0.0434393533949191,0.0978141919792127,0.00584310445981141,0.11427787888418,0.715776809373921,0.00893541163892898,0.074370312317811,0.0811069399072686,0.104058233655823,0.055923335636861,1.28683392826954,21.1483243674541,0.234235341742923,0.146905029197582,0.00142186302879712,0.0275387829853026,0.534618430952837,0.0290738554673374,0.00156463896681752,0.0159471392650665,0.00151610824667601,0.00596599928823276,0.0690839002854993,2.13981868527902,0.00123447900774287,0.00256433405792162,0.000516291270463876,1.22906570366817,6.42658736330916e-05,0.00864102512695739,0.0155383780940735,0,0.000691047257995701,0.0274085890309548,0.000518054845231399,0.00552147793456635,0,0.00325223365393475,0.01815790608579,0,0.00066851000903408,0.0895721944587091,0.0145065748252517,0.308701549154634,0,13.8235612077805,0.0350174392668849,0.0110129625056333,0.0013993593681354,3.9983061240518,0.000104312585102559,0.00269136021293746,0,0.0189196698842554,0.00319503237789791,0,0.0115208173816702,0.131593973620715,0.00332601996750942,0.0229738191370637,0.00193914599730838,0.00485327704078557,0.00395456903712231,0.00320406700387482,0.00804431664584846,0.00219382334789859,0.697198487038617,0.00121654092992322,0.00337001086406918,0.00166142191016277,0.00190290256846312,0.0663785873754735,0.00141056282830367,0.00379655140306121,0.00166791286598081,0.000825479800045725,0.0300057392008633,0.00170431042593344,0.00157720534526923,0.00237645247692681,0.00179735622192278,0,0.000312947679588933,0,0.00316063094386094,0.00410053078486944,0,0.000427195651253515,0.00124203129171245,0.022345856672573,0.00125224792597821,0.00149555630069804,0.0168328031425677,0,0.091202337983194,0.00528045650484912,0.00303548177892015,0,0.136777120514092,30.3088734748201,0.0377264917048658,0.000834450071027573,16.6108577017137,0.000781011455143921,0.000725326578285537,0.33609811542792,0,0.000552094468441601,0.000672949299033151
0,0,0.0220154039463292,0.00215094155974436,0.00118519251825319,0.0214033762907967,0.000348449352525523,0.0029248538882896,0,0.00320362402028945,0,0.000379619049816343,0.00227492075766812,0.0305454633662733,0.00409702223209443,0.113202066912148,0,0,0.00820128960123392,0,0.103242302511783,0.00225819315046545,0.000310689807311686,0.000370522973643515,0.0393756172392596,0.000339649221416456,0,0,0.00200513226747814,0,0,0.0105252856276885,0,0.00226625230027182,0.000564819349848429,0.00109160588421829,0.00110956176111383,0,0.216514603413324,0.0492477808781864,0.002522474484474,0.00010777873413248,0.0158685725542526,0.976027226438179,0.00788931113775101,0,0.00244531617876629,0.000138541558883246,0.0380650024579522,0.000436179920136372,0.011489355121446,0.0272788480239318,0.191836957887984,0.0227857083186615,0.0843955098909635,0.0192571260707279,7.34942465398769,0.0452249602838508,0.000627408180470572,0.0198082907225049,0.000993548732943075,0.000489382427481221,0.00050601798343964,0.0895215171549773,0.0132098494682149,0,0.019677872882766,0.00114614276576178,0,0.0281888030275255,0.00826242697447199,0.0021391732666002,0.000854346809411074,0.00152505548670484,0.0124486594536344,0.0172244219223872,0.00044800400547839,0.00190471264650129,0.111409904467448,0.0222778616441178,0.00327295575471499,0.374678772864357,0.000521852977511221,0.0107922064225696,0.00393004806449724,0.0714856704824466,0.00660814259617213,0.00505685868647002,0.000250479468176941,0.0075857425976751,0.0184068493116149,0,0.260524787350648,0,0.08603102284736,0,0,0,0,0.000174388800984275,0,0,0.00451825508611662,0,0,0,0.00117789197437085,0,0.0166925668312841,0,0,0,0,0,0,0.00364822430695617,0,0.0020556303161826,0.000853562495626651,0,0.00405660935619569,0,0.000713005423578143,0,0.0030052439067373,0,0,0,0.000218233819832304,0,0,0,0,0,0.000577985217106239,0.000324784372806031,0,0.00395177075159201,0,0,0.0103365657983397,0.000136211135004771,0.00392443696790594,0.0618462285861377,0.000370218881100612,0.0165090692491842,0.00036226208736112,0.00114041630944572,0.00929156072558395,0,8.23613982956547e-05,0.0766485723969916,0,0.000366059774228591,0.001269974445521,0.00342850202337728,0,0,0,0,0,0,0,0,0.000150775972264897,0.00223701861585385,7.95833336213747e-05,0.109377638437931,0,0,0.00063060081645337,0,0,0.00532198485039143,0.000504995119698749,0.00089569293560339,0.00103675855445066,0.000766471920868352,0.000346173294553216,0,0.000590250232751567,0,0,0
0.00254576661050639,0.0420761512851362,0.00561850201344211,0,0,0.0177844220953061,0.192364387079711,0.0845812460510366,2.69233668239054,0.00837874500101238,0.000379619049816343,0,0.00044978072683266,0,2.58087743126506,0.0109513096128642,0.0354949787069858,0.00659881216665632,0.000299372830628662,0.0017875920197544,0.119165038653018,0.0026015979510285,0.0933309480701628,0.103939496135979,0.00224718264568917,0.0820440827672883,1.95226605121186,0.172580049357301,0.000109341483161612,0.0157260060763625,0.00518439116079741,0.00904162126082921,0.00438695639020675,0.00425288826923789,9.24094106170597,0.0598584300721397,0.015541444458996,0.0109312402590348,0.000367040363369127,0.106419068490476,0,0.00577396499739231,0.00339660588052789,0.0103971444701513,0.00987367316726108,0.0504451576229496,0.0138587778458831,15.7152293281128,0.00283710618086729,0.00106612713797698,0,0.00788315779142926,0.00109758013026286,0.00143746471056014,0.00231330110569862,0.0105660703319889,0.00416031634048767,0.0268156475498844,0.00229658632760707,0.000989644576343353,0.0860833935929591,0.0336963018079609,0.0113234688650877,0.00553600012275575,0.00099086907494446,0.0415457166001872,0.00265450292286606,0.0169487822374388,0,0.00113806289363039,0.0203295487643295,0,0.0154929391260534,0.916867652787547,0,0.00255361331506281,0.0982882426630802,0.000510172644223954,0.232559151038926,0.786469682778145,0.0026521353187245,0.00270140302426899,0.0885950069577448,4.26802824455063,0.0914701906366437,0.0382784820150918,0.0650305928019472,0.274277777949531,12.8596820754188,0,0.00751275176629623,0.00527666657549847,0.0015658928820248,0.00769408065330154,0,0.00734923568842788,0.398226157247165,0.00101427649359898,0.00192939300962265,0.00184761894328431,0.0071198304426824,0.00544091835905413,0.195884892726296,0.00156203764185955,0.00190913170814636,1.47127717846347,0,0.00775902777014451,0.000260788976772558,0.000614382399921086,0.0999682348029253,0,0.00528660960428415,0.0488891119194169,0.0817561748365759,0,0,1.27350706204827,0.0195841987225303,0,0.0637767926858946,4.27977992032608,0.0494496217590379,0.000704030030080655,0.0472079354750848,0.000959538151975589,0.00542628726138676,0.000515021868329885,0.00269429234429179,0.551428101672108,0,0.0256628175474482,0,0.00363816654212203,0.0222537077985217,0,0.022535797498909,0,0.456328224476055,0.00604966430314001,0.00274439123967248,0.00120978926217309,0.000363676783389022,0,0.00580964827668821,0,0.966922773257265,0,0.000415182561556121,0.00314204965882392,0.000352414960723923,0.00070958188933593,0,0,0.000708516433457689,0.000400151306585321,0,0.00703907538504222,0,0.0724441233031384,0.0320608571939573,0,0.000133732214841989,0.000328304039823084,1.24767471479201,0.0412283779288749,0,0.00215488578589435,0,0.539383282640136,0.00205379119560776,0.0132209700091704,0,0.0489772068068889,0.0316467194353512,0.00116633393600767,0.000285847364813949,0,0.00799973303034475,0.01787323553294,0.0185818496402161,0,0.00071570310121314,0.00253099636109818
0.00226407280955476,0.000601124470870559,0.0635145407404659,0,0.00120372600944097,0.0986692858049648,0.00169161828375621,0.0831766220207644,0.000527247002604828,0.0055865002548379,0.00227492075766812,0.00044978072683266,0,0.0230296579577978,0.0199418382902774,0.379104619550492,0.000659747401143912,0.00026451736133067,0.0118044139051221,0.0193364772897426,0.365701484770692,0.00110311812999065,0.00456972584529058,0.000628032736517022,0.0505812459194192,0.00463869288294223,0,0.00128333882257999,0.0138522732536654,0,9.00815136129678e-05,0.124331047089942,0,0.0042506327214536,0.00122715654600465,0.00635882276772076,0.0084354560803938,0.000802845100969401,0.072365780067974,0.176573063275143,0.00271831374246691,0.000130904408853312,0.0116021474978854,5.68132306486333,0.00740769677416742,0,0.00639829205067941,0,0.0443483081402494,0.000358413504002088,0.000955862608620376,7.11570612386683,0.0196895010045826,0.0181736136390184,0.154221629807061,0.0528070742375118,0.0212993794086293,0.0903320533002446,0,0.432911134855014,0.00290995035999811,0.00151264652560534,0.00192263750351882,0.26067990845866,0.017816486735136,0.000118214402061419,0.405496144478833,0.000375307749149203,0,0.477931068205566,0.0198689132501102,0.00703765584365273,0.00784941470922012,0.00218289404545288,0.00773032181131905,0.0437564831879875,0.00411340571842749,0.00339333517654011,0.00547992827143087,0.0591746099951111,0.292108764078033,3.06998523365705,0.000532717384849876,0.0564575161899047,0.00608139507295959,0.218472192650569,0.0109243740901827,0.0237887255855955,0.00536323754767896,0.0162973566719539,0.0292573967398715,0.00177837684192811,0.00567856298475466,0,0.107733864775865,0,0,0,9.14360524691561e-05,0.000115970043249893,0,0,0.0197541715219677,0,0.00110477009541065,0.000962955603307947,0.00176701470111515,0,0.025164279835627,0.000547172901990502,0.000165049322581429,0,0,0.00023550242602802,0,0.00661698275783244,0,0.00207789948153912,0.00365588094628426,0,0.0127533716579104,0.00123615140864786,0.000107013598729341,0.000161015948094423,0.0197296172781324,0,0,0,0.00186621715049895,0,0,0.00099317317436811,0,0.002299544912267,0.000579471586718283,0.000367202074092559,0,0.00544578831966524,0,0,0.0229019410547489,0.000412015576566824,0.006267053077787,0.0418976401642233,0.00117572193627209,0.0260907409310307,0.000588207798174881,0.000646197666824978,0.00967385261316933,0,0.000174449197973048,0.069752076976073,0.00037568799081837,0.000215087251715065,0.00313569730759243,0.006784080059846,0,7.1289729316814e-05,0,0,0,0,6.59413966492555e-05,0.000367956681676088,0.000308383012150376,0.00314378552679359,0.00107665541014944,0.171482332142604,0,0.00105706581364638,0.00146513331630127,0,0,0.00834864544605142,0.000606123536055908,0.000798431677968385,0.00525746693046103,0.000387174601368052,0.000480652134435998,0.000472084512818001,0.000294056509449708,0,0,0
