0,0.153261468369236,6.56363444432161,0,0,10.3931936637103,0.0319238788856705,0.15141934914361,0,0,0,0,0.00210520014287202,0.00176400027097117,0.000875752205360657,0.0462891371086068,0.134177448401695,0.0326601218332997,0,0.00494429934612961,0.01877348318646,6.09286779722506,0.0180476526693964,0.20961175430816,0.0286406904076341,0.150359573942448,0,0.0920822701650567,0,0.0738502429086225,0.0553708040683277,1.07565257729532,0.00184370352353599,0.233299778438168,0.00204326756988981,0.0130778125947863,2.13494491290912,0.0852273087770752,0,0.0036926354577116,0.00695470030658347,0.08074254927495,1.17903926795599,0.0189324682513949,0.0030701609416374,0,0,0,0.0327942232525375,0.000619413469492682,0,0.0416944087354829,0,0.000304784394247145,0.0165907248919869,0.169051698367224,0,0.198745686839475,0.390972356399928,0.0057480114977093,0.619748885910455,0.015395462488939,0.0326308845327008,6.71025371402449e-05,0.0123337257158078,0.66158033626254,0.00133349671558959,0.0112153046404434,0.00429447363813996,0,0,0,18.0390076345616,0.00148268023479897,0.00164498934431038,1.1140999202962,0.00123358997046657,0.0752049031812366,0.00032920309196912,0.000759118641002164,0.203702188875257,0.00499691134452201,0.000219408736748646,0.00801186601455585,0,0.094629074619038,0.00180249614922857,0.1332145057428,0.0016514443350087,0.000137517399881195,0.156534713023386,0.00290833773607839,0,0.0211828424200301,0.00480743763324592,0.000865068748721555,0,6.96629051508582e-05,0.00026086663939104,0.0856733481176646,0.00127141542534622,0.00134530275847866,0,0.000305140924219089,0.004676248907455,0,0,0.0021747483733266,0.000540111904030942,0.000188830437025986,0.00592428219258993,0,0.00455900165843608,0.0278108251995932,0.000136931763469609,0.000323476208590641,0,0,0.00227572649123339,0,0.000663626877575789,0,0.00190179236950762,0.00477855123960058,0,5.25549627756854e-05,0.0101924282002364,0.000500302026396899,0.0161175031849569,0,0,0.000370801626780356,0,0.00244309354617404,0.00596843606269538,0,0,0.000305528147529409,0.00126686202519885,0.000508814697123983,0.00179106160934559,0.000178867216562928,6.13828414993529e-05,0.000556156948093457,6.51993196357711e-05,0.000532055819774473,0.00656051371959498,0.00500902176258075,0.00052914595577043,0.00226836413361474,0.000341679312392096,0.00530548553326438,0.000552126297263551,0,0,0,0,0.0019401663554508,0,0,0.00290750364315482,0,0,0,0.00277382341381978,0,0,0.00448695354799334,0,0.00128461276163341,0.0021422344310065,0.0292954962908044,0,0.00183086992499604,0,0.00719857223232049,0,0,0,0.000456446580285775,0.00119669777011168,0.000337657805860418,0.0174634578726939,0.0150119911454523
0.153261468369236,0,0.730279355493471,0,0,1.97776519834843,0.590609675901923,4.56248813505724,0,0,0,0,0.00155871197371154,0.00125553062155605,0.00314749654679698,0.0523098555020023,5.30793094440025,0.118275581620533,0,0.00386952093564993,0.032820285688025,0.178925032648003,0.123359784198523,0.0282071624402915,0.0373562970436026,2.44604240760173,0,0.00600160029184215,0,0.171742632968936,28.6745435081001,1.00202254141966,0.0976644636350879,0.849965178859288,0.00654713520037971,7.51468643712218,0.229273560247858,0.0137417058139087,0,0.0144059058624193,1.26417402991403,0.279406523270901,0.0698492206376065,0.0201729505494666,0.00800503646746509,0,0,0,0.0498732999896315,0.00694722387293467,0,0.0308984584156815,0.000401477588621079,2.3554952523496,0.022469959647077,0.784588010951033,8.92116382971153e-05,0.6319286514921,0.052764256610256,0.0115950637769922,0.557055540172687,1.80390356302971,14.1842825238106,0.000904928502111908,0.043975213391402,0.0421746426476168,0.000282655419480086,0.207262096166134,0.143581056570737,0,0,0,1.98222982605994,0.00224726154425486,0.00328207138602671,0.0467818294394683,1.03375628526278,0.194881852660424,0,0.00246137731835469,0.0890075940174746,0.0668219511016287,0.892048575850924,0.00824984490953169,0,0.429831912637904,0.0485176842734205,0.340862632779693,0.00451360021455929,0.00160308803675012,0.393530457060667,0.0083357739099572,0,0.433577578995054,0.0285009613004188,0.0223547921341907,0,0.011097311424466,0.0178938258623842,2.80372505490745,0.0328954168229942,0.0339576491316644,0,0.0108496604708941,0.25346328400314,0,0,0.0279962111999417,0.059577312545898,0.00484376231920732,0.14036402186311,0,0.0475623607277583,0.487862807532728,0,0.000286229690847289,0.000189033167974041,0.00064593066425111,0.0280036129231296,0,0.0160606802119443,0,0.0299258461987503,1.75220759263141,0,0.0071447228440708,0.424708070997365,0.0117857688742539,1.19806236726423,0,6.09853165621831e-05,0.0153924281081299,0.00226461315259141,0.0365851550688709,0.0141463555867368,0.000517129845231244,0.00861253246084369,0.0152463550455488,0.00286008206689846,0.0120928440472215,0.00684344723058632,0.0331308849802445,0.000299544572161174,0.00610178759610322,0.00190529601369542,0.00271986373108065,0.0172034978591418,0.777978630889008,0.000174697485739908,0.0299908756637312,0.00948670293739433,0.0774375255844367,0.0552616606263484,0,0.000968506776354629,0,7.17524148428324e-05,0.0325798218979529,0.001376540762742,0,0.0126618733318415,0,0,0.00154062076784571,0.017296180557864,0,0.00176935859195557,0.0246799679429455,0,0.00677043584438583,0.10910027311497,0.305413575358537,0,0.0114453028571347,0.000807460261838533,0.193028061141738,0,0.00446060008468162,0,0.00658430073728019,0.014813664034041,0.0152200201571271,1.45650108621773,0.299744449263542
6.56363444432161,0.730279355493471,0,0,0,5.56704971403525,0.0433422306061755,0.953413235774153,0,0,0,0,0.0766897424261159,0.0675540676988034,0.00168072005637831,0.540560242132497,0.544555903239243,0.227365133763199,0.0076172336160842,0.150364450562274,0.0238814804747191,1.53139257984948,0.0517611775994753,0.728103148649401,2.61649558339014,0.311272762700017,0,0.0815991955178638,0,0.180256704187459,0.288137659338929,1.65060011124656,0.0176595447010941,0.729026965747352,0.00365929248216907,0.0350563576025678,9.25458988156925,0.0843107202404674,0.00247721147893083,0.0179264833254122,0.0438438838839035,0.151156072182088,0.32548607829733,1.51973220191277,0.420499238382444,0,0,0,15.1144405267983,0.0128644824812766,0,0.432214233960133,0.00715834624246092,0.01455525154446,0.40528682026617,10.8663881653938,0.00154909217876241,4.54412158210161,0.462510467343447,0.137470602821327,2.32769201509921,0.0201392530406063,0.212131144610283,0.0172792032344202,0.359413096357989,0.667992907651521,0.00248296414350433,0.132510799933794,0.0160093885994778,0.000160208766282976,0,0,5.31310791147478,0.000667145803224715,0.142381378203958,8.16043001428926,0.00101125307859564,1.30837507995251,0,0.00128807669554228,0.564798385247299,0.725025096100363,0.000427787915663884,0.00683405530736191,0,0.162314696771804,0.0231092411970251,0.172137894518157,0.00362765878583,0.017683926956421,5.78080056442492,0.0379636433995852,0,0.090230289770092,0.0261372034532153,0.00577899723232434,0.000404070756760768,0.000450174194584093,0.00138150443541243,0.370124602935478,0.00336013497207128,0.00429003125932483,0.00085724911496407,0.00213331320043329,0.0249900566332646,0,0,0.0049733731538462,0.00538676253081307,0.000378193263409175,0.0291562856496418,0,0.0163961639807494,0.113336073370873,0.000699215597256143,0.000236944145250865,0,0.000734553763508854,0.00407884590831724,0,0.00557064524443514,0,0.00592106332137864,0.0115311801854839,0,0.000222236904941861,0.0541853126304479,0.00179714468941179,0.104967589475983,0,0,0.000928139213387419,0,0.0133162849151098,0.00828934130880675,7.57408527533301e-05,0.000811300567129343,0.00353830917383004,0.000500169529378018,0.0014448862824487,0.00852691541810822,0.00348617476426971,0.000220734561712162,0.00574113822136034,0.000971863845543732,0.000191963955804883,0.00766292087398564,0.0242935211429746,0.00034143584188271,0.00676935664470164,0.00131966336482182,0.0257500287009352,0.00431960993718714,0,0.000720436493009105,0,0,0.0113102680139103,0,0,0.00405488042857798,0,0,0.000407825718848247,0.00222856287609469,0,0.000154056904333819,0.0277002808177242,0,0.00203778118963751,0.0113612036760132,0.131079696980108,0,0.00231705961085269,0,0.0338334015950014,0,0.000352651289558393,0,0.00157406581360474,0.00559489403934178,0.0030231315788935,0.105157583814614,0.0592718636383731
0,0,0,0,0,0,0,0,0,0,0,0,0,0,0,0,0,0,0,0,0,0,0,0,0,0,0,0,0,0,0,0,0,0,0,0,0,0,0,0,0,0,0,0,0,0,0,0,0,0,0,0,0,0,0,0,0,0,0,0,0,0,0,0,0,0,0,0,0,0,0,0,0,0,0,0,0,0,0,0,0,0,0,0,0,0,0,0,0,0,0,0,0,0,0,0,0,0,0,0,0,0,0,0,0,0,0,0,0,0,0,0,0,0,0,0,0,0,0,0,0,0,0,0,0,0,0,0,0,0,0,0,0,0,0,0,0,0,0,0,0,0,0,0,0,0,0,0,0,0,0,0,0,0,0,0,0,0,0,0,0,0,0,0,0,0,0,0,0,0,0,0,0,0,0,0,0,0,0,0,0,0,0,0
0,0,0,0,0,0,0,0,0,0,0,0,0,0,0,0,0,0,0,0,0,0,0,0,0,0,0,0,0,0,0,0,0,0,0,0,0,0,0,0,0,0,0,0,0,0,0,0,0,0,0,0,0,0,0,0,0,0,0,0,0,0,0,0,0,0,0,0,0,0,0,0,0,0,0,0,0,0,0,0,0,0,0,0,0,0,0,0,0,0,0,0,0,0,0,0,0,0,0,0,0,0,0,0,0,0,0,0,0,0,0,0,0,0,0,0,0,0,0,0,0,0,0,0,0,0,0,0,0,0,0,0,0,0,0,0,0,0,0,0,0,0,0,0,0,0,0,0,0,0,0,0,0,0,0,0,0,0,0,0,0,0,0,0,0,0,0,0,0,0,0,0,0,0,0,0,0,0,0,0,0,0,0,0
10.3931936637103,1.97776519834843,5.56704971403525,0,0,0,0.178606107171782,4.20663903610791,0,0,0,0,0.744069838159982,1.42885846591288,0.00590887221480135,8.72462084730258,0.868233085575301,0.355879518357463,0.00594054786488062,1.91468253605319,0.12263693079335,7.91599288114547,0.241971983029308,0.998717925402349,0.749592031151669,0.624172578493059,0,0.409936416255014,0,0.352590595922546,0.815486953227201,6.25855871722046,0.0231539990290613,2.48261417002946,0.0211803793442049,2.56281875287421,2.37557531725699,0.324090670266815,0.0123746241318978,0.0696702819288758,0.706222729003405,0.365320125267735,6.63306964640168,15.2320930588804,4.5206703749206,0,0,0,0.709861271822829,0.0139630377779194,0,2.57661230015549,0.107121010150944,0.405957659576413,10.4120609686626,1.44722748798076,0.0259416781505552,11.3170994639143,0.856028942656728,2.17831297574397,1.90422727103924,0.0455922898549914,7.68687992876625,5.31729598506085,0.444065973613263,1.48005948560563,0.0599724665278754,0.150794434467884,0.0526760047657335,0.00512386600536928,0.00251699631388296,0,9.92415474949745,0.0166740189715115,2.78572289067644,24.9077015034537,0.00851893224857877,1.0561653416245,0,0.00446776986552626,2.63870359998648,10.8124225882717,0.00112067891658714,0.0391016028089604,0,8.37540471436117,0.0241692383156478,14.8245362559048,0.0129939659354374,0.280771518354546,1.79517736883828,0.0485207876691429,0,0.214802642021552,1.08224784827225,0.0164482602299669,0,0.00443800073124898,0.00220022399762878,1.11203773213717,0.0158281923438404,0.0232256752380975,0,0.00693239686537538,0.127129080321894,0,0,0.0393826251023713,0.149847591689333,0.00361173871052156,0.0876556052263245,0,0.0499633376608884,0.767279240064256,0.00274333834448423,0.0110179239316388,5.49313098887911e-05,0.0238539394403042,0.0132302580919355,0,0.0133330032877513,0,0.0604910505378746,0.0859012268988374,0,0.00312433755288237,0.166826476702599,0.00626972187906632,0.716345980259017,0,0,0.00183418730584774,0.00142439088871284,0.0537648266556632,0.0265674479388518,0.000133758904668005,0.00657899464159977,0.0840443324129587,0.0112982119876397,0.00809055635173031,0.200920138892158,0.0052469213550799,0.0243228782534119,0.170534946565323,0.0064803382749539,0.0628919877160296,0.0384317600778378,0.158855780967804,0.0206723670629715,0.0293856619211681,0.00838948337710317,0.792255014613801,0.0370183991778432,0,0.0120351317555149,0.000376270927951075,0.000471830074832518,0.0362948979106348,0.000289963409852373,0,0.0151845196658137,0,0,0.000850345367916238,0.0140656278316427,0,0.00127100005281236,0.808082302525099,0,0.00804098759085708,0.171414986396923,0.332899808326222,0,0.0117540007450301,0,1.66149353801367,0,0.00013811217461852,0,0.0145698241157696,0.0108978151504485,0.0103351988779199,0.815234954291859,0.236497130287283
0.0319238788856705,0.590609675901923,0.0433422306061755,0,0,0.178606107171782,0,2.95213144855065,0,0,0,0,0,0.000335714539188917,0.124212142880186,0.00298295837451429,19.5900479708413,0.154511961585973,0.000231757970065121,0.0011484190605752,4.60270617704605,0.0988592808919636,1.21466689606522,12.1651749997426,0.00955238189811716,36.6483646597132,0,27.8069124735246,0,0.471972049666845,1.23487419997844,1.91362665583361,0.106434801880943,9.09628236934641,0.518481563440898,9.98671924068152,0.0320419912875315,4.61404214784428,0.000474100559804864,0.246126473412022,0.158654023952809,1.60470070805429,0.0137933584026764,0.00240861227450059,0.0420034869941702,0,0,0.00160453772908803,0.00248796990461751,0.0023306007108618,0,0.00694054887490588,0.0205639770404691,0.00967040632521692,0.00205233818667786,0.302849224745769,0.000514185378346917,0.278762878942366,1.95865113124853,0.000484912730874029,8.01200396466952,3.82383653966167,0.81215402937272,0.0182254013860501,0.0264656745114846,7.80800754715013,0,0.229862945402671,0.166759411800902,0,0,0,3.48584894337268,0.104754474489665,0.00179268026141327,0.00401463646185899,27.5595103793379,0.117094065484367,0.00464281303781604,0.201729664394137,0.0214066871919026,0.0806636750413089,12.8929983891141,1.63038288151584,0,4.22633535266012,0.0395708345046408,12.8406010887635,0.546267536719054,0.00141554369713314,0.0194191216572532,0.00632435467657808,0,0.523260157633507,0.0488027658684227,0.208331026471138,0.00564508261622785,0.0141277473621039,0.009925469502299,5.02983251192462,0.0848165453219314,0.0418623210617785,0.0135096504865166,0.0101060573567604,0.0756055346165305,0.000759485813480792,0,14.5440613127567,0.0830967886140108,0.000973122653112834,0.143117549378276,0,0.110055593223459,0.564109993636337,0.0954873104213252,0.00124790276623911,0.000147923814769954,0.099015344130265,1.29919130598807,0,0.044207911943019,0,0.0163237496786446,8.75151887361283,0,0.00400069454868528,0.144325571081705,0.00807629808064203,0.851668935649301,0,0.000224863492634772,0.05128404248916,0.000943887414533275,0.0146092762982972,0.35978311926037,0,0.0202827336693873,0.010149901144987,0.383115661237202,0.0599830990848958,0.0144834863044717,0.0147221897610053,0.00105098708918941,0.00714773763916366,0.186562859589411,0.00255166052804316,1.07447026801168,1.56894224229372,0.0177472729516953,0.104016326339778,0.00907550297985465,0.0445813580828308,0.00616727973373244,0,0.000278756342775351,0.0061709809365265,7.31277395487218e-05,0.713844171228427,0.000608414929676033,0,0.960089123441717,0,0.000770922265368235,0.000328639012143659,0.294217171487846,0.00170163424241254,0.000681000864945667,0.0516347126994979,0,0.268954173602854,0.0161174168718798,7.85174547990048,0,0.241842400488406,0.000579299892608266,0.255328350545069,0,0.00192764504832927,0,1.98000850549491,0.0326224650755683,0.0669324329691612,1.33160613759896,0.0876759841445138
0.15141934914361,4.56248813505724,0.953413235774153,0,0,4.20663903610791,2.95213144855065,0,0,0,0,0,0.122208971519746,0.2630602110439,0.00981168699062979,0.268006103187474,2.12156881260703,0.383399425611626,0.000376528818075266,0.368340783073767,0.138625650528016,4.96980720031074,0.0670362559639143,0.204635042613533,0.0793385087710465,4.06300620689311,0,0.148302234711806,0,0.635784232464304,8.02670792673355,56.9070213019041,0.00939906301660706,2.9508977292537,0.0288797890890986,0.0920875781378243,0.371118694756865,0.0911606266789433,0.000671739677386551,0.0403105561835679,0.780360003063324,0.149922555222018,0.574109019435485,0.863265247747728,0.044122008160137,0,0,0,0.0653744607694612,0.00441966461689618,0,1.63245910706754,0.00503150172255063,0.0989304126875197,3.25377950758219,2.42514193113441,0.00344862164868826,1.6601605950144,0.132345124678662,3.50817018562832,0.859523788037317,0.0228293496122423,3.7232013513781,0.00276915304115401,0.114348790539681,0.207868621600966,0.0119221731301822,0.0905591118031671,9.18398195268776,0,0,0,5.6048278578813,0.00787823477045126,0.149093287960911,0.33084403119432,0.0204435873154389,0.463965819799382,0.000649457232351353,0.0108840129244906,5.35873430374092,0.336563258225878,0.00743891579985482,0.0467447927481651,0,1.51613029953689,0.0100032143103543,1.33578073687783,0.0142234667296314,0.0400312834943364,0.813081577405798,0.0245110988146963,0,0.204417223440138,0.257620777189004,0.0103108192031292,0.000146645921205337,0.00659746640803926,0.00112365636364178,1.15405494825858,0.0149262429432403,0.0280440623552293,0.000213967546094009,0.00604446260210271,0.102625438904143,0,0,0.024103295698909,0.0287694776153206,0.00323054532021486,0.113065265534627,0,0.036023676732289,0.307454055475063,0.00224611958046975,0.00327581787314136,0,0.0122266125144874,0.0160411786805573,0,0.0107054977256796,0,0.0202057787533688,0.0540146346846855,0,0.00627219227794867,0.171250011096616,0.00609827571169747,0.585297326544869,0,0.000169331085735074,0.00174457765587635,0.00210265539781163,0.0574332088172136,0.00517801129306574,0.000646201621664977,0.00769171679115279,0.0254035519642295,0.015502803421346,0.0101482096848784,0.0619844536743471,0.00236899404603774,0.00246270885865799,0.0484347305657011,0.00800931976304292,0.017216962717179,0.0590914159300968,0.206886975088398,0.00494257154035823,0.0267559926397683,0.00675610819162768,0.169619876380851,0.0256880547481304,0,0.00349210470694883,0,0,0.0239877494010544,0.000423665314271755,0,0.00903444116568566,0,0,0.00082312432575397,0.0191666545229353,0.000390494618692012,0.000665749659021619,0.223851031592909,0,0.01361418110542,0.0806799608537015,0.277813111970173,0,0.0158614103527838,0,0.324151065778842,0,6.85799077909752e-05,0,0.00842322730589208,0.00639439940185262,0.00940811998795804,0.604769162994675,0.300440856074443
0,0,0,0,0,0,0,0,0,0,0,0,0,0,0.00591572212457498,0,0,0,0,0,0.00512327287411504,0,0,0,0,0,0,0.000446008864376894,0,0,0,0,8.77584618100931e-05,0,1.27781311166209,0,0,0.000501356352669159,0,0.000113630898659435,0,0,0,0,0.00094997561048301,0,0,0.0296001130514331,0,0,0,0,0,0,0,0,0,0,0,0,0,0,0,0.000337094295383977,0,0.000616491794572334,0,0,0,0,0,0,0,0.680415525018774,0,0,0,0,0.00113869235183538,0.00452262661668964,0,0.00205776063080242,0,0.0188050121202447,0,0,0,0.00058550712905601,0.458688244647748,0,0,0,0,0,0,0,0,0.000258512454142368,0,0,0,0,0.000604619433865389,0,0,0,0,0,0,0,0,0,0,0,0.000417470373650634,0,0,0.00286860791083945,0,0,0.000418468839620267,0,0,0,0,0,0,0,0,0,0,0,0,0,0,0,0,0,0.00844227591830519,0.000140465670084376,0,0,0,0,0.00375283701414321,0,0.00057289837709102,0,0,0,0,0,0,0,0,0,0,0,0,0,0.000262617342093071,0,0.00052977026697831,0,0.00334502653266825,0,0,0,0,0.00200340188270046,0,0,0,0.0031552284376577,0,0,0,0,0,0,0,0,0,0
0,0,0,0,0,0,0,0,0,0,0,0,0,0,0,0,0,0,0,0,0,0,0,0,0,0,0,0,0,0,0,0,0,0,0,0,0,0,0,0,0,0,0,0,0,0,0,0,0,0,0,0,0,0,0,0,0,0,0,0,0,0,0,0,0,0,0,0,0,0,0,0,0,0,0,0,0,0,0,0,0,0,0,0,0,0,0,0,0,0,0,0,0,0,0,0,0,0,0,0,0,0,0,0,0,0,0,0,0,0,0,0,0,0,0,0,0,0,0,0,0,0,0,0,0,0,0,0,0,0,0,0,0,0,0,0,0,0,0,0,0,0,0,0,0,0,0,0,0,0,0,0,0,0,0,0,0,0,0,0,0,0,0,0,0,0,0,0,0,0,0,0,0,0,0,0,0,0,0,0,0,0,0,0
0,0,0,0,0,0,0,0,0,0,0,0,0,0,0,0,0,0,0,0,0,0,0,0,0,0,0,0,0,0,0,0,0,0,0,0,0,0,0,0,0,0,0,0,0,0,0,0,0,0,0,0,0,0,0,0,0,0,0,0,0,0,0,0,0,0,0,0,0,0,0,0,0,0,0,0,0,0,0,0,0,0,0,0,0,0,0,0,0,0,0,0,0,0,0,0,0,0,0,0,0,0,0,0,0,0,0,0,0,0,0,0,0,0,0,0,0,0,0,0,0,0,0,0,0,0,0,0,0,0,0,0,0,0,0,0,0,0,0,0,0,0,0,0,0,0,0,0,0,0,0,0,0,0,0,0,0,0,0,0,0,0,0,0,0,0,0,0,0,0,0,0,0,0,0,0,0,0,0,0,0,0,0,0
0,0,0,0,0,0,0,0,0,0,0,0,0,0,0,0,0,0,0,0,0,0,0,0,0,0,0,0,0,0,0,0,0,0,0,0,0,0,0,0,0,0,0,0,0,0,0,0,0,0,0,0,0,0,0,0,0,0,0,0,0,0,0,0,0,0,0,0,0,0,0,0,0,0,0,0,0,0,0,0,0,0,0,0,0,0,0,0,0,0,0,0,0,0,0,0,0,0,0,0,0,0,0,0,0,0,0,0,0,0,0,0,0,0,0,0,0,0,0,0,0,0,0,0,0,0,0,0,0,0,0,0,0,0,0,0,0,0,0,0,0,0,0,0,0,0,0,0,0,0,0,0,0,0,0,0,0,0,0,0,0,0,0,0,0,0,0,0,0,0,0,0,0,0,0,0,0,0,0,0,0,0,0,0
0.00210520014287202,0.00155871197371154,0.0766897424261159,0,0,0.744069838159982,0,0.122208971519746,0,0,0,0,0,0.058853101463653,0,0.0488892254554388,0.000707814450829629,0.0239160831703429,0,3.42872625202375,0.000954105330836487,0.00436660917294687,0.00248325057817268,0.000373720283148735,0.00772860657896521,0.000189256169512557,0,0,0,0.0122536549696498,0.00125726779001135,0.0205527860300066,0.000265223097359608,0.0948379959679936,0,0.0143449202977705,0.00420835549038576,0.000236776673833358,0.0178888571212106,0.00149180620333077,0.00116307863570308,0.00619535235992574,0.224321086651133,1.40372984371261,0.00191834104221131,0,0,0,0.00908080664627541,0.00078914899565991,0,0.661799106874023,0.00490905129453995,0,1.07562195071606,0.0319577711511939,8.54146052861552e-05,0.170649615596895,0.00239399589093159,0.221951450364372,0.00113444679896005,0,0.139704916693987,0.00725140292081131,0.0119205385860913,0,0.0035846508795913,0.00770398044219943,0.000264342576787879,0.00230941820671259,0,0,0.0018736831545147,6.65246415477196e-05,0.013652260911094,0.0664661501985923,0,0.0565494074510675,0,0,0.0063522033302557,0.0132992471270957,0,0.000230652849354085,0,0.0499394196470629,0.000692084794979992,0.0559866625927036,0,0.000254902139897874,0.0848510212202156,0.00188007396504878,0,0.000775914509977309,0.0154064889973736,0,0,0,0,0.00525254574788177,0,0.000157011270693591,0,7.92674260733615e-05,0.00123930567096369,0,0,0.000535253442362688,0.00105120102414304,0,0.000289758578444904,0,0.000450772521122184,0.00844316076021395,0,0.000354495022619195,0,0,0,0,7.95534131598952e-05,0,0.000433829141119313,0.000499150534690546,0,0,0.000332285629949667,0,0.00344858893230056,0,0,0,0,0.000754954824988684,0,0,0,0.000313492261514866,0,0.000423735942587655,0.0033783401100287,0.000195245469867711,0.000235799775042105,0.00196471605973052,0,0.000811469568917332,0.000725607281943864,0.000445595358249284,0,0.000313159451704706,0,0.0114226148230142,0.00012511790839711,0,0,0,0,0.000203943376375732,0,0,0,0,0,0,0,0,0,0.0148313292294089,0,0.000193613105249307,0.00264253840247437,0.00112209957798346,0,0.00020241538421174,0,0.0288979602566615,0,0,0,0.00018084338123665,0.000402456460268085,0.000217503807446826,0.0127847220265664,0.00185394028902925
0.00176400027097117,0.00125553062155605,0.0675540676988034,0,0,1.42885846591288,0.000335714539188917,0.2630602110439,0,0,0,0,0.058853101463653,0,0,0.0557471708363994,0.000558610011229733,0.0240637499796023,0,1.58638472399015,0.00225617384407355,0.00322588445709995,0.00352865166452271,0,0.00818687615739979,0.000333423329363314,0,0.000275821819984423,0,0.00893958054668685,0.00132466907427969,0.0726769865727746,0.000552726086656288,0.0970119989729579,0,0.0370653466876779,0.00325873738090876,0.000598987772973108,0.00169229880336784,0.00194844582512627,0.738338133462459,0.00585547364594164,0.0434828586754892,0.485461197013285,0.0228951861693801,0,0,0,0.00924935197372095,0.000526920100298445,0,0.0420704866715853,0.00373762449280828,0.0581668455658988,13.4761648141012,0.0295030972972347,0.0118582651272885,0.187225170068103,0.00303888960798299,0.0297934075223211,0.00109023535053887,0,0.44271641239504,0.0017492796790969,0.0107843781797674,0.000194744509579776,0.000736533015924051,0.00944051854126675,0.000193720831952138,0,0,0,0.00188385360951316,0.0037560570633325,6.35114883932796,0.0241041120762071,0,0.0466345462850465,0,0,0.00454639335257571,0.0271600972417092,0,0.000379830717926636,0,0.0491683874526307,0.001428087191273,0.0923721683391673,0,0.553693354867427,0.0693563763550111,0.00199750097318115,0,0.00250329740172187,1.91011343061145,0.000173115668197969,0,0.000323090969382961,0,0.0112011007612981,0.000127183468631425,0.000600866048006141,0,0.000133380354212853,0.00185106624545206,0,0,0.000836510956971871,0.010661101134066,0.00044061956506132,0.00375613345429706,0,0.000480988616216758,0.0291391884849165,0,0.00206801513382047,0,0.00917694885704561,0.00188076080330286,0,0.000167508407984776,0,0.00117872773794727,0.0017571657034762,0,0.000256619339053965,0.00162740549467989,0.000236540312570006,0.00955910377419879,0,0,0,0,0.00130043352381984,0,0,0.000344688681711921,0.0316260190843658,0.000323613875630232,0.000241525749392351,0.020557298041499,9.40072245804863e-05,0.00214497082012097,0.813217057295865,0,4.10935498060377,7.39035673841476e-05,0.00327006514088224,0.00061427150844015,0.000636078809470468,0.000244655067455196,0.0824439207362906,0.00204123236652628,0,0,0,0,0.000679440602565109,0,0,0,0,0,0,0,0,0.000242521341454878,4.57672772330575,0,0,0.00761511589183539,0.00390448735241009,0,0.000282366741516313,0,0.131127913837924,0,0,0,0.000140558967194106,0.000705017399832931,0,0.0348007458876328,0.01252040225782
0.000875752205360657,0.00314749654679698,0.00168072005637831,0,0,0.00590887221480135,0.124212142880186,0.00981168699062979,0.00591572212457498,0,0,0,0,0,0,0.00311726235063048,0.0149567951239751,0.0085598514186089,0,0,1.03650984738014,0.00100088180561636,0.112583621380547,0.0405695672048401,0.00271020285110612,0.0147751259543478,0,0.106860322087331,1.77697976992816,0.00638589324089547,0.00272442584708853,0.00406244991370786,0.00830265034648665,0.0222227986967941,25.3220110105324,0.0155129730145705,0.00128990060060666,0.167593117171081,2.05563749511895,2.10657372473394,0.000112632690585767,0.18234066216555,0.00014082983170946,0,0.446669779148308,0,0.000209915694823187,0.343256156234576,0,0,0,0.00104280716605809,4.22828372952474,0.00505388407071908,0.000421897729577167,0.00126326456363742,0,0.00558227334622181,0.0101908746634656,0,0.0234150635678804,0.00781810632591153,0.00540600242495647,4.49630436855524,0.00248960979157341,0.0884756602892787,0,0.000429557785556452,0.0011265891130186,0,0,0,0.0105983420091493,3.85056910458543,0,9.27515347123316e-05,0.00590556334396954,0.000871882477805137,0.0275587968631121,4.43861300212662,0.000687978740973845,1.21504624202072,0,4.02823619977478,0,0.336348617464461,0.000669567791399697,0.172349537225191,14.8502175568537,0,0.000719489131636959,0,0,0.0164571878904817,0.000888497156061892,0.106459177993422,0.0412428492858015,0.0367019752668161,0,0.0151910181469493,0.0313358379097949,0,0.332891853153591,0.000416989742373635,0.0123170695209081,0.0076033961599115,0,0.161097650238806,0,0.000144508475771278,0.0162363082808657,0,0.00146716242875343,0.490750032863685,0.954041994576125,0,0.00095431487119944,1.0610761882027,0.101579719132962,0,0.145879317664277,0.0111618879265485,0.00773113753913399,0.0177325219304306,0,0.000737500731937166,0.00633469727833593,0.000687614112792722,0.00769121816005824,0,0,0.0154907311819741,0,0.000433962387460452,0.0223820475530406,0,0.00664668075932395,6.2399900203302e-05,3.50615985835994,0.187618439734869,0.0010114517125237,0.000365367588560792,0,0.009942078383732,3.31783688254184,0,0.312927269507394,0.00349828594862638,0.296399965751338,0.00184202406468003,0,0.372944978960642,0.00177928537604004,0.00948174191525351,0.00031746083016862,0.0450718967603384,0,0.0335284351187986,0,0,0.113998585020188,0,0.0237295293208249,0,1.08664359593236,0.00566241429681168,0,4.27697006525523e-05,0,1.29575440094974,0.00566350677824676,0.0349675400422351,0,1.32954588862461,0,0.0103921656512431,0,0,0,0.0900942190764031,0.0654943839569515,0.0145094481493933,0.00510776295981135,0.00397537109243674
0.0462891371086068,0.0523098555020023,0.540560242132497,0,0,8.72462084730258,0.00298295837451429,0.268006103187474,0,0,0,0,0.0488892254554388,0.0557471708363994,0.00311726235063048,0,0.0106580266227245,0.0819367835685451,0.0706149796407564,0.114438967826056,0.00704752403872847,0.44112490113402,0.0274759960405097,0.00555096866181224,2.39884496408206,0.00737224832187503,0,0.00342836259368761,0,0.0185878949531228,0.0187446897592839,0.191591288959244,0.00926465548508889,0.271328170659969,0.00276908649294322,0.0833597781454681,0.0166224978312986,0.00352264382593228,0.00289663925573152,0.0193995955803169,0.0159412961512847,0.0200455615031155,0.296714364508759,2.58917732985974,1.16098761317013,0,0,0,6.85924500148753,0.00488925771139043,0,0.273715210542169,0.0161947829836283,0.0298816330143343,0.310331016945847,0.0505304166566586,0.00259227941968405,27.4433883094564,0.0131955545121566,0.0758937551107849,0.0130852477061319,0.000138642789550969,0.140802009277897,1.55159810800629,0.866203189945279,0.00891535851010389,0.0059546152978035,0.0544137329148286,0.00107030751863477,0.000347144777534557,0.00834955834430121,0,0.0383672313734501,0.00762138456525415,0.323703280767236,5.59747352063476,5.40073934445591e-05,0.436309426405185,0,1.11107834492223,0.201559376957106,1.75288280182413,0,0.139404348668286,0,1.76160503335788,0.0103970038562428,0.350102119970346,0.00121999695829378,0.0134141408381903,0.440456481899653,0.0310999663187687,0,0.00531141102981117,0.0357258502873177,0.000623588635552023,0,5.64719663050106e-05,0.000911709336421679,0.0277479338239671,0.00052544136923275,0.000297095010996562,0,5.19720472797825e-05,0.00569982877211846,0,0,0.000997939552116459,0.0048780348199371,0,0.00272977834345383,0,0.0012115430086764,0.0225180090235415,0,0.000274885998566429,0,0.00190381989406076,0.000264291340458966,0,0.00122718379791848,0,0.000728787804266837,0.00255984958549557,0,5.19460399826975e-05,0.00416007289109839,0.00015503941244764,0.0359219959931358,0,0,0.000925505778917515,0,0.00153667709580579,4.01826264122772e-05,0,6.29730110227184e-05,0.00287928940096378,0.000514392373566316,0,0.0071885620131032,0.00297906062982841,0.000695280984707372,0.00512715257098395,0.00153912542840372,0.000848088408506392,0.00109521980242399,0.00628301336735024,0.000265977744262928,0.000351523081290953,4.93356380879845e-05,0.0204588073292151,0.00206708876236499,0,0.000399571806644142,0,0,0.000957151818542411,0,0,0.000314167662324061,0,0,0,0.000231376218260061,0,0,0.0254824766304492,0,0.00171891619660417,0.00669384546644193,0.00916262486080922,0,0.000456884482420693,0,0.052540769707801,0,0,0,0.00030120163485961,0.00488636061127851,0.00023588148144316,0.0390885020573476,0.00913478629604813
0.134177448401695,5.30793094440025,0.544555903239243,0,0,0.868233085575301,19.5900479708413,2.12156881260703,0,0,0,0,0.000707814450829629,0.000558610011229733,0.0149567951239751,0.0106580266227245,0,0.142975766606694,0.000269564915160175,0.000375708504582128,0.317417697447887,0.0479049552255417,0.149828067983733,0.718144187831567,0.0254480298816727,14.2892378836952,0,0.704924403942673,0,0.255225589667239,0.576469588846861,0.361858865288568,0.0131544650861219,1.60354054642877,0.0430467279229792,0.903059506223127,0.40830053411555,0.974632623577111,0,0.0319752719444525,0.147684688972966,0.171812617075591,0.00867409901389447,0.00719499683265982,0.00600217549618304,0,0,0,0.0240313128581406,0.00218237499027459,0,0.0057156738216338,0.00213370158900043,0.0092378461183543,0.00307231915349231,1.26268778425702,0.000576248285295039,0.599597173004027,0.29536648616608,0.000769579974334733,2.29381334068656,0.410186197108468,0.51686179545928,0.0014892280492186,0.0353734954785005,0.515834552155769,0.000180894440215306,0.0479668639647528,4.91640023374632,0,0,0,1.68681612933295,0.00925003339942512,0.00403437800348404,0.0157811844591634,2.00092215264521,0.145377048724074,0.000308678598033935,0.0175935408500955,0.0167993991145644,0.00988907843099926,0.331563752314166,0.0972104858503546,0,0.916563911998211,0.00626953233613773,2.09534035403188,0.0408437285906514,0.0012672232420543,0.262954950578643,0.00795935551476988,0,0.943538928351844,0.0902370400587472,0.0830395159106719,0.00121415852900952,0.0140339118868436,0.00171827164295223,7.62273027968421,0.0773590681658879,0.0754196582131115,0.00200934555091906,0.0252426491515629,0.208491590859549,0,0,0.760814268860467,0.0855732806363878,0.00632297536387998,0.256228072235706,0,0.175769221620384,0.866358255793081,0.00690436807989927,0.00150735440936131,0.000192633024675351,0.00855530304127323,0.175543406332362,0,0.0249954569757833,0,0.0448585762322134,1.12907469011365,0,0.00861180149913978,0.49525113008832,0.0207277743206704,1.05015493187894,0,0.000161106636996958,0.0470608684157285,0.00236950120416885,0.0566005099448343,0.176615619393384,0.000342019833902956,0.0177758823447328,0.0169431030026247,0.0299595413624841,0.0311989966871164,0.02543980551972,0.00270924675867548,0.000803215372895996,0.0192701574487858,0.014091891505553,0.00578043491366452,0.104841057691576,1.10930455280544,0.00299587395320855,0.120398863365698,0.0228196320448042,0.0898696398194672,0.0301891316353588,0,0.00188378014776343,0.000598285360267486,0,0.241527458364927,0.000829286081516117,0,0.157527310616824,0,0,0.0026706598198512,0.0434536265523428,0,0.00240590337399045,0.0933762415536264,0,0.0314161943773318,0.0710687728250369,3.16729465404461,0,0.0402607122402171,0,0.279423567473619,0,0.000372998718027226,0,0.157144280325075,0.00981975180817022,0.0477198232041502,2.20427183552545,0.356111577978204
0.0326601218332997,0.118275581620533,0.227365133763199,0,0,0.355879518357463,0.154511961585973,0.383399425611626,0,0,0,0,0.0239160831703429,0.0240637499796023,0.0085598514186089,0.0819367835685451,0.142975766606694,0,0.00148110082196399,0.0479346469773474,0.177999343960554,0.225626186980605,1.14183846112717,0.438955263191794,0.171655437646353,0.106581932348148,0,0.103782720514603,0,0.299082130640557,0.0666985288825264,0.252474528560804,0.128805924289036,5.34243464917675,0.0228027060614952,0.538060949163498,0.0459795675990651,0.244259659384372,0.000298434485301625,0.267549291275509,0.0103706538396953,15.299486544406,0.0419912435767636,0.415532953340954,0.102868076085187,0,0,0,0.0665429784901707,0.442251704207346,0,0.0999679681975618,0.00360545161047874,0.00407580949226588,0.120001222068757,0.127886884541064,0.00100779570319055,1.36812025633108,6.02271252616124,0.03167923616919,0.289160056262495,0.116219075696251,0.192721192209075,0.00454562459385857,0.438008023691671,0.19606801870297,0.000316972741833305,18.7672785976121,0.00665599881168951,0.00026282550951724,0,0,0.167696046300954,0.00701703148288387,0.0417047224373896,0.0181776686545103,0.00782953342857931,6.91438262383527,0.000303519251574083,0.0100571076572774,0.120789106602575,0.161050023295167,0.000563224591263334,0.0834928259378603,0,0.0808159747147502,1.43834273189694,0.562392045848427,0.0251729805102413,0.00941156353818327,0.888157419525653,5.41366451482625,0,0.00698452121929756,0.000650960469251166,0.00171228720732725,0.00102352969553772,0.00294935447156249,0.0247819772232748,0.0303252562365687,0.00110835302495264,4.77093935804668e-05,0.00283081388679158,0,0.00132828225608635,0,0,0.00449283915456808,0.000434928591551217,0.000296009971539081,0.0248498985629005,0,0.000507204822705092,0.0162446170510412,0.00359864438004434,0,0.000453565496690316,0.0088285434682615,0.00960874939963781,0,0.0254934920227329,0,0.000471385569887369,0.00315310308494259,0,0.00184734718048773,0.00274556972152879,0,0.0106862231367151,0,0,0.0258946504337942,0.000447184211045312,0.00119438629575092,0.0151156195211731,9.44988614987622e-05,0.00114789583793931,0.000140327590853778,0.0343138812782844,0.00393358400558939,6.43836762995995e-05,0.057365821860479,0,0.000576103765801018,0.0162244599128041,0,0.0855682459347778,0.00336916981790608,0.00170936159873048,0.000112045622807367,0,0.00576959512499943,5.94949930702382e-05,0,0,0.000564374356397014,0,0.0013057271747204,0,0,0.0044395079856055,0,0,0,0.0149839909133758,0,0,0.000543689855699523,0,0.0297524694876068,0.00121633606219238,0.0151273546139173,0,0.0249004683970526,0.00256704159175811,0.00867734258764679,0,0.00509976772251501,0,0.000991993445731948,0.0587245056006723,0,0.0167374356394176,0.00341711955193889
0,0,0.0076172336160842,0,0,0.00594054786488062,0.000231757970065121,0.000376528818075266,0,0,0,0,0,0,0,0.0706149796407564,0.000269564915160175,0.00148110082196399,0,0.00022264859568862,0.000331937506781281,0.000149996270569193,0.00230880755780465,0.000243776726153878,0.486334166923031,0,0,0,0,0,0,0.000625075338614167,0.000423217574001939,0.019764040496366,0,0.000921241872168313,0.000280208510766988,0,0,0.0024826096202059,0.000236068782544503,0.000457545159238775,0,0.00190007620254096,0.00141404537125608,0,0,0,0.549334328293328,0,0,0,5.39486603692053e-05,0,0.000560419633245507,0.000352140095059704,0,0.408388679716208,0,0.000234153789574058,0.000221427984045891,0,0.000170277301654531,0.000295483618992876,0.14681971050518,0.000342558750891783,0,0.000950459869323098,0,0,0,0,0.000333382138550578,0,0.000206581570114858,3.36577040836203e-05,0,0.00708474908766909,0,0,0.000385617322840696,0.00272645551291134,0,0,0,0.00125204867999227,0.000102556818248873,0.00178203422914608,0,0,0.00960279824301425,0.000923473455916987,0,0,0,0,0,0,0,0,0,0,0,0,0,0,0,0,0,0,0.000187099708968562,0,0,0,0.000327850043931252,0,0,0,0,0,0.000197965457403582,0,0,0,0,0,0,0,0.000368045989960097,0,0,0,0,0.000189557287087194,0,0,0,0,0,0,0,0,0,0,0,0,0.00022900461570503,0,0,0,0,0,0,0,0,0,0,0,0,0,0,0,0,0,0,0,0,0,0,0,0,0,0,0,0,0,0,0,0,0,0,0,0,0
0.00494429934612961,0.00386952093564993,0.150364450562274,0,0,1.91468253605319,0.0011484190605752,0.368340783073767,0,0,0,0,3.42872625202375,1.58638472399015,0,0.114438967826056,0.000375708504582128,0.0479346469773474,0.00022264859568862,0,0.00347473734585112,0.00775851246354747,0.00820731966015497,0.00062454813857448,0.0215102416757202,0.000432788988007982,0,0,0,0.0166203290680131,0.00132962870016857,0.0807540919996197,0.00236844310291966,0.210764073464436,0,0.0404300791281245,0.00580312701103601,5.57942133902218e-05,0.0359756024782781,0.00345614601673855,0.00385850116471822,0.0123519261345638,0.346885324694805,6.81288381989802,0.0132812102494095,0,0,0,0.0209701264326285,0.00168278455139821,0,0.661363723611334,0.0176310161906115,0.00150440059050339,7.16613087399528,0.064080091136867,0.000725175966968562,0.391262913384532,0.0065710138714248,0.930686800237073,0.00303460602016832,0.000422326814672627,0.490294107773576,0.0173681587567822,0.0241563956369859,0.000447813782014815,0.00809759217899761,0.0198388049710947,0.000202976867541824,0.00277360817863225,0,0,0.00323084436120151,0.00139304692572776,0.104134806311441,0.113525579641238,0,0.122842816727169,0,0,0.0124953879370789,0.0282013932515034,0,0.000745961893064319,0,0.111215947739899,0.00141963423225008,0.153050230812797,0.000670615642652341,0.0372997670211023,0.162845697609502,0.00623561140694395,0,0.00223133691008791,0.0525998091026022,0.000316867040877926,0,0,0.000113588993739678,0.0130435342955574,0.000132885397669691,0,0.000107469917275393,8.72177842753874e-05,0.00157210605513266,0,0,0.000570409943553323,0.0059403239440985,0,0.00207809422704602,0,0.000974338032969604,0.0297477401064643,0,0.000399809777589279,0,0.00156304826865088,0,0,0.000676637201136171,0,0.00143784671023042,0.00193751580597583,0,0,0.00148489555979385,0.00057411346954414,0.00943869495452156,0,0,0,0,0.00131354028503841,0,0,0,0.00400833634709946,0.000397611007017407,0,0.0111846958821786,0.00055294344640292,5.75744425478e-05,0.00988866922111167,0,0.00184654885246434,7.47702647683835e-05,0.00273219670657253,0.000345381609721206,0.000288497013713484,0,0.0365887037843223,0.000280377285535385,0,8.85845254105198e-05,0,0,0.000323435432411957,0,0,0,0,0,0,0,0,0,0.0462942719995102,0,0,0.00584780747883072,0.00500494057210149,0,0.000729041234386782,0,0.0833175431377859,0,0,0,0.00034551462611956,0.0013555967089574,0,0.0287492845391307,0.00497154702268542
